# R script for Peak Model
#  -- generated by MACS
p <- c(0.0134872377013,0.0134872377013,0.0179829836018,0.0179829836018,0.020230856552,0.0224787295022,0.0236026659773,0.020230856552,0.0179829836018,0.0191069200769,0.020230856552,0.0224787295022,0.0191069200769,0.0213547930271,0.0191069200769,0.0191069200769,0.0224787295022,0.0213547930271,0.0224787295022,0.0247266024524,0.0224787295022,0.0224787295022,0.0236026659773,0.0258505389275,0.0280984118778,0.0314702213031,0.0314702213031,0.0314702213031,0.0337180942533,0.0314702213031,0.0314702213031,0.0337180942533,0.0348420307284,0.0314702213031,0.030346284828,0.0258505389275,0.0213547930271,0.020230856552,0.0168590471267,0.0168590471267,0.0191069200769,0.0191069200769,0.0179829836018,0.0191069200769,0.020230856552,0.0213547930271,0.0224787295022,0.0224787295022,0.0224787295022,0.0236026659773,0.0213547930271,0.0191069200769,0.0168590471267,0.0168590471267,0.0191069200769,0.020230856552,0.0191069200769,0.0191069200769,0.0191069200769,0.0191069200769,0.0191069200769,0.020230856552,0.0213547930271,0.0213547930271,0.0213547930271,0.0213547930271,0.0213547930271,0.0213547930271,0.0224787295022,0.020230856552,0.020230856552,0.0213547930271,0.0224787295022,0.0213547930271,0.0179829836018,0.0146111741764,0.0134872377013,0.0134872377013,0.0123633012262,0.0123633012262,0.0123633012262,0.010115428276,0.00899149180088,0.00899149180088,0.010115428276,0.0123633012262,0.0134872377013,0.0157351106515,0.0168590471267,0.020230856552,0.0224787295022,0.0236026659773,0.0236026659773,0.0236026659773,0.0224787295022,0.020230856552,0.020230856552,0.0179829836018,0.0191069200769,0.0168590471267,0.0146111741764,0.0123633012262,0.0123633012262,0.0123633012262,0.0112393647511,0.0123633012262,0.0123633012262,0.0134872377013,0.010115428276,0.0134872377013,0.0146111741764,0.0168590471267,0.0157351106515,0.0146111741764,0.0146111741764,0.0157351106515,0.0168590471267,0.0168590471267,0.0179829836018,0.0179829836018,0.0168590471267,0.0179829836018,0.020230856552,0.0247266024524,0.0258505389275,0.0269744754027,0.0337180942533,0.0314702213031,0.0325941577782,0.0280984118778,0.0280984118778,0.0258505389275,0.0247266024524,0.0213547930271,0.0247266024524,0.0213547930271,0.0157351106515,0.0157351106515,0.0157351106515,0.0168590471267,0.0179829836018,0.0168590471267,0.0168590471267,0.0157351106515,0.0146111741764,0.0168590471267,0.0134872377013,0.0146111741764,0.0146111741764,0.0157351106515,0.0179829836018,0.0191069200769,0.0191069200769,0.020230856552,0.0213547930271,0.0224787295022,0.0236026659773,0.0247266024524,0.0247266024524,0.0224787295022,0.020230856552,0.0179829836018,0.0191069200769,0.0191069200769,0.0146111741764,0.0123633012262,0.0112393647511,0.010115428276,0.010115428276,0.0134872377013,0.0134872377013,0.0134872377013,0.0112393647511,0.0112393647511,0.0112393647511,0.0112393647511,0.0123633012262,0.0123633012262,0.010115428276,0.010115428276,0.00786755532577,0.00899149180088,0.010115428276,0.00899149180088,0.0112393647511,0.010115428276,0.00899149180088,0.00786755532577,0.010115428276,0.00786755532577,0.010115428276,0.00899149180088,0.00786755532577,0.00786755532577,0.00899149180088,0.010115428276,0.0123633012262,0.0123633012262,0.0112393647511,0.0134872377013,0.0123633012262,0.0157351106515,0.0168590471267,0.0191069200769,0.0168590471267,0.0179829836018,0.0157351106515,0.0168590471267,0.0157351106515,0.0134872377013,0.0134872377013,0.0123633012262,0.0123633012262,0.0112393647511,0.0112393647511,0.00899149180088,0.010115428276,0.0112393647511,0.0112393647511,0.0112393647511,0.010115428276,0.010115428276,0.010115428276,0.0134872377013,0.0123633012262,0.0146111741764,0.0168590471267,0.0168590471267,0.020230856552,0.0191069200769,0.0213547930271,0.020230856552,0.020230856552,0.0168590471267,0.020230856552,0.0179829836018,0.0168590471267,0.0168590471267,0.0157351106515,0.0157351106515,0.0146111741764,0.0168590471267,0.0191069200769,0.0191069200769,0.0168590471267,0.0213547930271,0.0236026659773,0.0224787295022,0.020230856552,0.020230856552,0.020230856552,0.0179829836018,0.0146111741764,0.0146111741764,0.0168590471267,0.0123633012262,0.00899149180088,0.0112393647511,0.0157351106515,0.0191069200769,0.0179829836018,0.0168590471267,0.0168590471267,0.0179829836018,0.0146111741764,0.0157351106515,0.0146111741764,0.0123633012262,0.0112393647511,0.00786755532577,0.00899149180088,0.00899149180088,0.010115428276,0.010115428276,0.010115428276,0.010115428276,0.0134872377013,0.0146111741764,0.0112393647511,0.0112393647511,0.0112393647511,0.0134872377013,0.0134872377013,0.0123633012262,0.0134872377013,0.0134872377013,0.0157351106515,0.0146111741764,0.0168590471267,0.0179829836018,0.0191069200769,0.0179829836018,0.0168590471267,0.0168590471267,0.0157351106515,0.0179829836018,0.0134872377013,0.0146111741764,0.0134872377013,0.0146111741764,0.0168590471267,0.0292223483529,0.0561968237555,0.0640643790813,0.0764276803075,0.0854191721084,0.122509075787,0.131500567588,0.139368122914,0.14948355119,0.159598979466,0.198936756095,0.184325581918,0.188821327819,0.188821327819,0.194441010194,0.170838344217,0.175334090117,0.176458026592,0.175334090117,0.167466534791,0.130376631113,0.130376631113,0.130376631113,0.140492059389,0.158475042991,0.165218661841,0.159598979466,0.164094725366,0.166342598316,0.168590471267,0.174210153642,0.184325581918,0.20230856552,0.195564946669,0.174210153642,0.174210153642,0.180953772493,0.193317073719,0.196688883144,0.279860182302,0.275364436402,0.334933069583,0.345048497859,0.336057006058,0.336057006058,0.333809133108,0.352916053185,0.338304879008,0.330437323682,0.261877198701,0.254009643375,0.197812819619,0.169714407742,0.176458026592,0.180953772493,0.178705899543,0.176458026592,0.176458026592,0.183201645443,0.234902723298,0.242770278624,0.238274532723,0.241646342149,0.242770278624,0.233778786823,0.229283040923,0.210176120846,0.209052184371,0.209052184371,0.146111741764,0.139368122914,0.130376631113,0.133748440538,0.129252694638,0.131500567588,0.144987805289,0.142739932339,0.15173142414,0.15173142414,0.152855360615,0.164094725366,0.157351106515,0.148359614715,0.174210153642,0.193317073719,0.186573454868,0.188821327819,0.178705899543,0.175334090117,0.175334090117,0.165218661841,0.170838344217,0.174210153642,0.173086217167,0.155103233565,0.15622717004,0.171962280692,0.185449518393,0.185449518393,0.183201645443,0.189945264294,0.197812819619,0.205680374945,0.212423993796,0.214671866746,0.216919739696,0.20006069257,0.196688883144,0.209052184371,0.214671866746,0.216919739696,0.224787295022,0.222539422072,0.187697391343,0.188821327819,0.188821327819,0.196688883144,0.192193137244,0.177581963067,0.177581963067,0.174210153642,0.167466534791,0.155103233565,0.152855360615,0.167466534791,0.159598979466,0.174210153642,0.209052184371,0.214671866746,0.213547930271,0.227035167972,0.222539422072,0.231530913873,0.246142088049,0.238274532723,0.236026659773,0.215795803221,0.196688883144,0.20006069257,0.205680374945,0.189945264294,0.20680431142,0.214671866746,0.234902723298,0.230406977398,0.233778786823,0.230406977398,0.214671866746,0.218043676171,0.211300057321,0.210176120846,0.201184629045,0.186573454868,0.160722915941,0.161846852416,0.159598979466,0.187697391343,0.189945264294,0.186573454868,0.188821327819,0.194441010194,0.184325581918,0.188821327819,0.183201645443,0.171962280692,0.195564946669,0.165218661841,0.162970788891,0.161846852416,0.15397929709,0.184325581918,0.187697391343,0.192193137244,0.212423993796,0.224787295022,0.220291549122,0.222539422072,0.219167612647,0.227035167972,0.240522405674,0.213547930271,0.216919739696,0.219167612647,0.20680431142,0.20006069257,0.180953772493,0.25063783395,0.269744754027,0.258505389275,0.25063783395,0.237150596248,0.225911231497,0.232654850348,0.228159104447,0.231530913873,0.236026659773,0.176458026592,0.159598979466,0.158475042991,0.157351106515,0.167466534791,0.180953772493,0.169714407742,0.176458026592,0.175334090117,0.168590471267,0.155103233565,0.152855360615,0.209052184371,0.215795803221,