# R script for Peak Model
#  -- generated by MACS
p <- c(0.0280473005711,0.0324300685897,0.0367403941618,0.0414612269312,0.0460311379368,0.0460975435129,0.0461398016067,0.0459466217491,0.0459466217491,0.0458802161731,0.0459104005258,0.0461579122183,0.0466468987328,0.0465804931568,0.0468823366842,0.046912521037,0.0470030740952,0.0469366685192,0.0467978204966,0.0469910003541,0.047099664024,0.0471841802117,0.0468702629431,0.0468883735548,0.0466106775095,0.0467314149205,0.0469910003541,0.0471841802117,0.0472988807521,0.0469849634836,0.0469004472959,0.0470392953185,0.0472928438816,0.0472143645644,0.047407544422,0.0471841802117,0.0472505857877,0.0471539958589,0.0471721064706,0.0470634428007,0.0470634428007,0.0467615992733,0.0465744562862,0.0467857467555,0.0468823366842,0.0468280048493,0.0466408618623,0.046858189202,0.0470936271535,0.0471600327295,0.0469487422603,0.0471660696,0.0474015075515,0.047341138846,0.0471902170822,0.0472928438816,0.0471358852473,0.0472566226583,0.0473049176227,0.04771542482,0.0482708169105,0.048331185616,0.0486692503668,0.0489831676353,0.0490857944347,0.0493574536094,0.049617039043,0.0493393429977,0.0492608636806,0.0490797575641,0.0490133519881,0.0491642737518,0.0486269922729,0.0484036280626,0.0484157018037,0.0487175453312,0.0486088816613,0.0488503564832,0.0486692503668,0.048693397849,0.0485847341791,0.0486813241079,0.0490978681758,0.0491340893991,0.0490737206936,0.0488322458716,0.0490073151175,0.0490314625997,0.0491340893991,0.0496049653019,0.0498343663827,0.0494057485738,0.0491823843634,0.0492004949751,0.0493333061272,0.0492125687162,0.0494480066676,0.0492669005511,0.0493453798683,0.048880540836,0.0487658402956,0.0491763474929,0.0492850111628,0.0494480066676,0.0497679608067,0.0498645507355,0.0498222926416,0.0497619239362,0.0498524769944,0.050112062428,0.0501724311335,0.0501180992986,0.0500033987581,0.0496774077485,0.0495566703375,0.0495506334669,0.0494600804087,0.0496472233957,0.0498283295122,0.0500698043342,0.0500999886869,0.0502690210623,0.0505587908486,0.0510839985864,0.051156441033,0.0514763951721,0.0512711415734,0.0514039527255,0.051397915855,0.0514945057837,0.0516997593824,0.0516212800653,0.0518023861817,0.0518627548872,0.0517359806057,0.0516333538064,0.0519050129811,0.0520438610037,0.0522551514729,0.0522249671202,0.0521766721558,0.0520197135215,0.0520498978743,0.052387962625,0.0524966262949,0.0523457045312,0.0525268106476,0.0520680084859,0.0518084230523,0.0520076397804,0.0519895291688,0.0522611883435,0.0520317872626,0.0514220633372,0.0513737683728,0.0513013259262,0.051464321431,0.0518989761105,0.0521102665798,0.0519834922982,0.0519653816866,0.0521223403209,0.052387962625,0.052629437447,0.0531184239614,0.0532874563368,0.0532270876313,0.0533357513012,0.0532995300779,0.0532512351135,0.0533961200067,0.0533297144307,0.0534081937478,0.0534383781006,0.0535047836766,0.0535772261232,0.0534444149711,0.0535168574177,0.0539756595794,0.054289576848,0.0546216047282,0.0547061209159,0.0548751532912,0.0549355219967,0.0548027108446,0.0550502225372,0.0550743700194,0.0553520660646,0.0551528493365,0.0547544158803,0.0546095309871,0.0548328951974,0.054784600233,0.0545733097638,0.0545853835049,0.0544948304466,0.0549234482556,0.0548630795501,0.0550502225372,0.0553279185824,0.0554124347701,0.0553701766763,0.0555150615694,0.0559255687668,0.0562274122942,0.0567465831615,0.0567948781258,0.0570484266889,0.0572053853232,0.0575011919801,0.0576943718377,0.0579720678829,0.0580082891062,0.0582618376693,0.0582075058343,0.0580505472001,0.0581531739994,0.0581833583521,0.0583705013392,0.0583584275981,0.0583886119508,0.0584187963036,0.0587810085365,0.0588111928892,0.0587568610543,0.0587991191481,0.0587025292194,0.058654234255,0.0584550175268,0.0586481973844,0.0587810085365,0.0589198565591,0.0590526677112,0.0591613313811,0.0591432207694,0.0589922990057,0.059336400627,0.0598434977531,0.0601211937984,0.0604109635848,0.0606041434423,0.0603204105265,0.0600970463162,0.0601091200573,0.0600125301285,0.0605196272546,0.0605377378663,0.0604592585491,0.0604652954197,0.0600910094456,0.0599400876819,0.0605317009957,0.0605920697012,0.06068865963,0.0614311947075,0.0615036371541,0.061853775646,0.0616183376946,0.0618598125165,0.0622220247495,0.0621676929145,0.0619986605392,0.0623850202543,0.0624997207947,0.0623367252899,0.0624936839242,0.0625178314064,0.0627472324872,0.0625721632413,0.062964559827,0.0635259887881,0.0634716569531,0.0634837306942,0.0641538233252,0.0644918880759,0.0647514735095,0.0649929483315,0.065119722613,0.0653853449172,0.0655000454576,0.0657717046323,0.0662425805352,0.0666289402503,0.0666229033798,0.0667979726257,0.0671782954703,0.0672929960107,0.0677336875608,0.067999309865,0.0679872361239,0.0681079735348,0.0684218908034,0.0682347478164,0.0684581120267,0.0683856695801,0.0683132271335,0.0687720292952,0.0696835967482,0.0699794034051,0.070703827871,0.0710600032333,0.0717300958643,0.0723518935309,0.0727503269871,0.0737101894044,0.0745674250224,0.0748511579382,0.0746579780806,0.0752797757472,0.0756480248507,0.0765112973392,0.0770244313358,0.0774470122743,0.0780748468114,0.0783223585039,0.0780808836819,0.0787690869245,0.0788113450184,0.0792882577918,0.0794874745199,0.0795176588726,0.0793607002383,0.0795418063548,0.0795297326137,0.0796323594131,0.0803265995262,0.0798979817172,0.080731069853,0.0808699178756,0.0811898720147,0.0810993189565,0.0811355401798,0.0815218998949,0.0819324070923,0.0821678450437,0.0825602416294,0.0831639286843,0.083381256024,0.0836106571049,0.083689136422,0.0840996436194,0.0848421786969,0.085216464671,0.0856088612567,0.0859107047841,0.0856088612567,0.085952962878,0.0859469260074,0.0857235617971,0.086019368454,0.0865264655801,0.0865506130623,0.0866109817678,0.0866230555089,0.0866834242144,0.0870697839295,0.0870275258357,0.0876070654084,0.0883013055216,0.0881383100167,0.0884944853791,0.0886937021072,0.0892611679389,0.0893939790909,0.0897984494177,0.0902995096733,0.0906617219062,0.0909092335988,0.0915008469126,0.0923158244367,0.0921588658024,0.0923943037538,0.0928651796567,0.0934447192294,0.0939155951322,0.0941751805658,0.094694351433,0.0950263793132,0.0949116787728,0.0949780843488,0.0951350429831,0.0959741679894,0.0962035690703,0.0966321868793,0.0976222336493,0.0981655519988,0.0985881329372,0.0985820960667,0.0991918199921,0.0998800232347,0.100212051115,0.100350899138,0.100984770545,0.101799748069,0.102065370373,0.102385324513,0.103496108694,0.104649150968,0.104926847014,0.105415833528,0.10674998192,0.107166525987,0.107154452246,0.107021641094,0.106979383,0.108235052075,0.108138462146,0.108355789486,0.108760259812,0.109695974748,0.109949523311,0.110444546696,0.111525146524,0.112629893834,0.113945931614,0.113921784132,0.114724687915,0.114960125866,0.116107131271,0.116590080915,0.117163583617,0.118340773374,0.118539990102,0.118503768879,0.119119529675,0.11972321673,0.12006128148,0.12126261872,0.121974969444,0.122306997325,0.123297044095,0.123779993739,0.124474233852,0.125246953282,0.125271100764,0.125790271631,0.126732023437,0.127082161929,0.127872991971,0.128579305825,0.128832854388,0.12950898389,0.130154929038,0.131664146676,0.1323764974,0.133595945251,0.133934010002,0.134954241125,0.135739034296,0.136795486642,0.137592353555,0.139047239357,0.140200281632,0.140647010053,0.14138954513,0.142053600891,0.142856504674,0.143701666551,0.144154431842,0.145126368,0.146200930958,0.146351852722,0.147275493916,0.148356093744,0.149931716957,0.150819136928,0.152062732261,0.153227848277,0.154411074905,0.15501476196,0.156197988587,0.157073334817,0.157701169354,0.158009049752,0.158576515584,0.159771815952,0.160061585739,0.160496240418,0.161480250318,0.162621218851,0.163424122634,0.164287395123,0.165621543514,0.166792696401,0.167963849287,0.168959932928,0.170674404164,0.171881778274,0.172569981516,0.173656618215,0.175075282794,0.176427541797,0.177568510331,0.178516299007,0.179693488764,0.180490355677,0.181420033741,0.182470449217,0.184788607508,0.185959760394,0.187239576951,0.189026490633,0.189799210063,0.191580086875,0.193089304513,0.194278568011,0.195636863884,