# R script for Peak Model
#  -- generated by MACS
p <- c(0.031586041857,0.0368151691878,0.0417801991787,0.0472558173601,0.0529075004349,0.0531892042642,0.0535413340507,0.05382303788,0.0551259180904,0.0551259180904,0.0551083116011,0.055530867345,0.0558653906422,0.0560238490462,0.0558653906422,0.055372408941,0.0548618207504,0.0546681493678,0.054034315752,0.0541751676666,0.0540519222413,0.0538582508587,0.0542808066026,0.0536293664974,0.0533828756468,0.0535941535187,0.0540167092626,0.0544744779852,0.0536821859654,0.0541223481986,0.0543160195812,0.0546153298998,0.05408713522,0.0544392650065,0.0549674596864,0.055213950537,0.055319589473,0.0550554921331,0.0560766685142,0.0552843764944,0.055478047877,0.0547913947931,0.0545096909639,0.0545977234105,0.0539991027733,0.0529955328815,0.0529955328815,0.0529251069242,0.052537764159,0.0529603199029,0.0529603199029,0.0534004821361,0.0539991027733,0.0538054313907,0.0541047417093,0.0550554921331,0.0546681493678,0.0540695287306,0.0545625104318,0.0542279871346,0.0536821859654,0.0535413340507,0.0531715977748,0.0530659588388,0.0527842550096,0.0528194679882,0.0528546809669,0.0531892042642,0.0528898939456,0.0534709080934,0.0539462833053,0.0537878249014,0.053770218412,0.0542455936239,0.0544568714959,0.0542103806453,0.05382303788,0.0545801169212,0.055161131069,0.0549146402184,0.0548442142611,0.0551435245797,0.0557949646849,0.055583686813,0.0556188997916,0.0560766685142,0.0562175204288,0.0557949646849,0.0548442142611,0.0544920844745,0.0541751676666,0.0541751676666,0.0535765470294,0.0532948432001,0.0538406443693,0.0536469729867,0.054034315752,0.0542279871346,0.0546857558572,0.0550554921331,0.0549322467078,0.0543864455386,0.0547913947931,0.0555132608556,0.0551083116011,0.0547033623465,0.0543160195812,0.0543512325599,0.0546505428785,0.0543160195812,0.0545801169212,0.0548794272398,0.0549322467078,0.0547737883038,0.0551259180904,0.0553900154303,0.0563407658541,0.0560238490462,0.0553371959623,0.0557069322383,0.0563407658541,0.056816141066,0.0564816177688,0.05671050213,0.0562351269181,0.0558653906422,0.0554076219197,0.0561823074502,0.0568865670233,0.056816141066,0.0562175204288,0.0562879463861,0.0566928956407,0.0564287983008,0.057027418938,0.0574675811712,0.0574675811712,0.0565344372367,0.0562527334075,0.0565872567047,0.0570098124486,0.0568865670233,0.0569569929806,0.056868960534,0.0567985345767,0.0569393864913,0.0564816177688,0.0568337475553,0.056868960534,0.0565520437261,0.0568337475553,0.0570450254273,0.0571154513846,0.0573971552139,0.0571682708526,0.0570626319166,0.0574147617032,0.0580133823404,0.0581014147871,0.0584535445736,0.0579429563831,0.0571858773419,0.0576436460645,0.0580309888297,0.0584887575523,0.0586648224456,0.058523970531,0.0580838082977,0.0579605628724,0.0578373174471,0.0579957758511,0.0589993457429,0.0591225911682,0.0584535445736,0.0581190212764,0.0574499746819,0.0578725304258,0.0579781693618,0.0581894472337,0.058365512127,0.0577844979791,0.0575027941499,0.056763321598,0.0563583723434,0.0566752891514,0.0576436460645,0.0576612525538,0.058259873191,0.0585063640416,0.0580133823404,0.0589817392535,0.0591930171255,0.0597388182947,0.0598796702093,0.059914883188,0.05986206372,0.0595803598907,0.0591401976575,0.0588408873389,0.0602670129746,0.0601085545706,0.0598268507413,0.059756424784,0.0610945179731,0.0609008465904,0.0607776011651,0.0616579256316,0.0621509073328,0.0623445787154,0.0617635645676,0.0611649439304,0.0606895687185,0.0605311103145,0.0600557351026,0.0599324896773,0.059967702656,0.0594747209548,0.0595275404227,0.0600909480813,0.0596859988267,0.0602317999959,0.0611825504197,0.061517073717,0.0618339905249,0.0618163840356,0.0617459580782,0.0617987775462,0.0616755321209,0.0611825504197,0.0613410088237,0.0612353698877,0.061305795845,0.0605663232932,0.0606895687185,0.0613762218023,0.0618339905249,0.0620804813755,0.061411434781,0.0615346802063,0.0617635645676,0.0625030371194,0.0624502176514,0.0632072966926,0.06274952797,0.0622389397795,0.0619044164822,0.0613234023343,0.0622037268008,0.0621333008435,0.0623973981834,0.0621685138222,0.0624502176514,0.062802347438,0.0634009680752,0.0634185745645,0.0640348016911,0.0650559780722,0.0648799131789,0.0650031586042,0.0652672559441,0.0660419414746,0.0662884323252,0.06590108956,0.0653728948801,0.0654961403054,0.0655137467947,0.0655489597734,0.0659186960493,0.0658658765813,0.0650735845615,0.064193260095,0.0633833615859,0.0637883108405,0.0648799131789,0.0651792234975,0.0650735845615,0.0645806028603,0.0646158158389,0.0647214547749,0.0653552883908,0.0656545987094,0.066059547964,0.0662003998786,0.0660419414746,0.067186363281,0.0677321644502,0.0681899331728,0.0687005213634,0.0687709473207,0.0685772759381,0.0686653083847,0.0695280263618,0.068999831682,0.0697921237018,0.0687181278527,0.0684716370021,0.06878855381,0.068947012214,0.0700562210417,0.0710069714655,0.0735951253969,0.0765530156043,0.0799334615555,0.0820110272964,0.0854442927156,0.0892296879215,0.0953919591867,0.100797151411,0.106906603208,0.112505466815,0.116977515105,0.118861409463,0.122453133286,0.125727940301,0.128703436998,0.131344410397,0.130340840506,0.131344410397,0.130675363803,0.131872605077,0.131185951993,0.131872605077,0.131520475291,0.131027493589,0.13153808178,0.131784572631,0.132295160821,0.131784572631,0.131362016887,0.130182382102,0.130728183271,0.130516905399,0.131766966141,0.132612077629,0.132295160821,0.13312266582,0.133615647521,0.133862138372,0.135816458687,0.136186194963,0.135922097623,0.136168588474,0.135798852198,0.134865708263,0.135305870497,0.133598041032,0.13336915667,0.133439582628,0.133087452841,0.134020596775,0.13391495784,0.134372726562,0.133738892946,0.134918527731,0.135376296454,0.135376296454,0.135622787304,0.135710819751,0.134372726562,0.133351550181,0.133844531882,0.134777675817,0.135376296454,0.135411509433,0.135147412093,0.136344653367,0.137084125919,0.138298973683,0.140182868041,0.140904734103,0.141116011975,0.141010373039,0.141274470379,0.14099276655,0.141221650911,0.141274470379,0.141468141762,0.140534997827,0.139214511128,0.138527858044,0.138862381341,0.138122908789,0.137700353045,0.137295403791,0.136925667515,0.136591144218,0.13572842624,0.136309440388,0.137524288152,0.138034876343,0.136767209111,0.136379866346,0.137383436237,0.137858811449,0.138334186661,0.139707492829,0.139760312297,0.139531427936,0.139496214957,0.140341326445,0.141679419634,0.142982299844,0.143299216652,0.143668952928,0.143211184205,0.143369642609,0.144883800692,0.144707735798,0.145147898032,0.145676092712,0.145834551116,0.145552847286,0.144091508672,0.144337999523,0.14491901367,0.144021082715,0.144003476225,0.144179541119,0.14491901367,0.144602096862,0.144302786544,0.146362745795,0.148123394728,0.148211427175,0.149813617704,0.150306599405,0.150288992916,0.151274956318,0.150236173448,0.150148141001,0.150130534512,0.148510737494,0.147753658452,0.149197390577,0.148686802387,0.148422705047,0.148299459622,0.148035362282,0.148457918026,0.148158607707,0.149109358131,0.149778404725,0.149672765789,0.149461487917,0.148792441323,0.148950899727,0.150024895576,0.149479094407,0.150130534512,0.150817187596,0.150570696745,0.150746761638,0.151398201744,0.151345382276,0.150834794085,0.151944002913,0.150852400574,0.151257349829,0.151345382276,0.151838363977,0.151908789934,0.151345382276,0.151679905573,0.151732725041,0.15280672089,0.151908789934,0.152384165146,0.153405341527,0.153669438867,0.153687045356,0.153915929718,0.154937106099,0.15465540227,0.15412720759,0.154514550355,0.155905463012,0.156521690138,0.156380838224,0.155218809928,0.15569418514,0.155852643544,0.155570939715,0.154602582802,0.154725828227,0.155359661843,0.154356091951,0.154567369823,0.154567369823,0.156521690138,0.157437227584,0.158229519603,0.15962043226,0.161416294172,0.162208586192,0.163088910658,0.164321364911,0.165113656931,0.164972805017,0.164655888209,0.164039661082,0.165254508846,0.166064407355,0.166011587887,0.167719417352,0.166856699375,0.167191222672,0.167156009693,0.169110330009,0.169286394902,0.168670167776,0.168687774265,0.168705380754,0.169110330009,