# R script for Peak Model
#  -- generated by MACS
p <- c(0.0246401410192,0.0287709598035,0.0324578120829,0.0364052533977,0.0403237403753,0.0405843294108,0.0407870097717,0.0404299062787,0.0400245455569,0.0401017571229,0.0400631513399,0.0401114085687,0.0405167692905,0.0405167692905,0.0406904953141,0.0408256155547,0.0410475988072,0.0412502791681,0.0415591254323,0.0413757479629,0.0415398225408,0.0413757479629,0.0411827190478,0.0414047023002,0.0413757479629,0.0409896901326,0.0408352670005,0.0408642213378,0.0407001467599,0.0408063126632,0.0410379473614,0.041134461819,0.0413467936256,0.0412888849511,0.0414722624205,0.0415784283238,0.0413274907341,0.0417618057932,0.0420706520575,0.0422250751896,0.0423505439844,0.0426690416944,0.0425339214538,0.0427752075978,0.0428910249469,0.0434990660296,0.0438272151854,0.0436534891617,0.0430647509705,0.0430647509705,0.042804161935,0.042447058442,0.0423505439844,0.0420320462744,0.0419741375999,0.041530171095,0.0414240051917,0.041173067602,0.0414433080832,0.0411441132647,0.041452959529,0.041530171095,0.0418004115763,0.0419258803711,0.0419258803711,0.0415012167578,0.0415494739866,0.0414626109747,0.0416749427814,0.0418197144678,0.0415012167578,0.0415108682035,0.0414433080832,0.0412695820596,0.0412213248308,0.0416363369984,0.041530171095,0.0416266855526,0.0413467936256,0.0413950508544,0.0413274907341,0.041491565312,0.0419837890456,0.0424953156708,0.0423505439844,0.0427172989232,0.0428234648266,0.0429296307299,0.0430744024163,0.0429778879587,0.0431033567535,0.0433832486805,0.0431419625366,0.0429682365129,0.0434508088008,0.0433446428975,0.0434990660296,0.0435087174754,0.0437789579566,0.0441746672326,0.044358044702,0.0442325759072,0.0440781527751,0.0439333810887,0.0435955804872,0.0436727920532,0.0432384769941,0.0434701116923,0.0432481284399,0.0430744024163,0.043122659645,0.0430744024163,0.0433735972347,0.0438175637396,0.044358044702,0.044000941209,0.044358044702,0.0443966504851,0.044319438919,0.0445607250629,0.0445510736172,0.044599330846,0.0446958453035,0.0443097874732,0.0439430325344,0.0443676961478,0.0445221192799,0.0445317707257,0.0446186337375,0.0445510736172,0.0444256048223,0.0445414221714,0.0444352562681,0.0448695713272,0.0445800279544,0.0445414221714,0.0445414221714,0.0445414221714,0.0448985256644,0.0451108574711,0.0448792227729,0.0449853886763,0.0449467828932,0.044599330846,0.044995040122,0.0445800279544,0.0444449077138,0.0446861938578,0.0446958453035,0.0445124678341,0.044917828556,0.0448502684357,0.0449371314475,0.0455162181929,0.0456030812048,0.0459794875893,0.0461821679502,0.0462014708417,0.0462111222875,0.0466647402381,0.0464910142145,0.0461339107214,0.0462593795163,0.0460277448181,0.045950533252,0.0460663506011,0.0462786824078,0.0463076367451,0.0464138026484,0.0460180933723,0.0465006656602,0.0466550887923,0.0467709061414,0.0464524084314,0.0464620598772,0.0465585743348,0.0468577691532,0.0466454373466,0.0466743916839,0.047185918309,0.0469639350566,0.0467516032499,0.0467902090329,0.0469735865023,0.0467323003584,0.0468191633702,0.0465585743348,0.0467323003584,0.046548922889,0.0464427569857,0.0464427569857,0.0469832379481,0.0468577691532,0.0468770720448,0.0476684905969,0.0474079015614,0.0471376610802,0.0475623246936,0.0479869883069,0.0480545484272,0.0485853779439,0.0487301496302,0.0487494525217,0.0489714357742,0.0487880583048,0.0491837675808,0.0499269289042,0.0495698254111,0.0495987797484,0.0490389958945,0.0488363155336,0.0492320248096,0.0496759913145,0.0497242485433,0.0497242485433,0.0497145970975,0.049019693003,0.049058298786,0.0488363155336,0.0493478421587,0.0493960993875,0.0488845727623,0.0485660750523,0.0487687554133,0.0487977097505,0.0488459669793,0.0492995849299,0.0490003901114,0.0488942242081,0.0489135270996,0.0490293444487,0.0490872531233,0.0489328299911,0.0491934190266,0.0492802820384,0.0491065560148,0.0496663398687,0.0503226381802,0.0508920734799,0.0509885879375,0.0512684798645,0.0519923382963,0.0525135163672,0.0527065452824,0.0528706198602,0.0531698146787,0.0530829516669,0.0523011845605,0.0521178070911,0.0518668695015,0.051606280466,0.0516255833575,0.0513939486593,0.0513649943221,0.0511430110696,0.051249176973,0.0510464966121,0.0521081556454,0.0524556076927,0.0529574828721,0.0533821464854,0.0531698146787,0.0532663291363,0.0529381799805,0.0536909927496,0.0539033245563,0.0539998390139,0.0540673991342,0.0543955482899,0.0544438055187,0.0541639135918,0.0547140459999,0.0551001038303,0.0558143108163,0.0556019790096,0.0555923275639,0.056103854189,0.0560942027433,0.0555054645521,0.0553124356369,0.055785356479,0.055466858769,0.05566953913,0.0557370992503,0.0560073397315,0.05630653455,0.0562775802127,0.0566925923803,0.057020741536,0.0571751646681,0.057339239246,0.0572330733427,0.0570786502106,0.0569628328615,0.0573971479206,0.0574067993663,0.0577639028594,0.0580824005694,0.0587000930978,0.0599933868294,0.0606303822494,0.0616341326082,0.0628598662194,0.0637381477833,0.0640566454933,0.0654657565739,0.065822860067,0.0664405525955,0.0675504688576,0.0676566347609,0.0684287504215,0.0689402770467,0.069007837167,0.0695483181294,0.0707064916203,0.0710153378846,0.0716619847503,0.0718260593282,0.0719515281231,0.0717681506537,0.0719322252315,0.0720480425806,0.0722700258331,0.0724630547482,0.072154208484,0.0720383911349,0.07191292234,0.0718164078825,0.0719611795688,0.0728394611328,0.0727525981209,0.072511311977,0.073109701614,0.0729649299276,0.0730517929394,0.0730131871564,0.0738721658288,0.0747697502843,0.0753970942585,0.0757155919685,0.075696289077,0.0767965538934,0.0765166619664,0.0770571429288,0.0776844869031,0.078205664974,0.0777037897946,0.0775590181082,0.0769606284713,0.0771054001576,0.0775397152167,0.0775397152167,0.0778582129267,0.0776458811201,0.077925773047,0.0784276482264,0.0787751002737,0.0791322037667,0.079518261597,0.0802807258119,0.0805123605101,0.0804641032813,0.081390642074,0.0816126253264,0.0813037790622,0.0808984183404,0.081747745567,0.082027637494,0.0821531062889,0.0821338033973,0.0825777699022,0.0831665080934,0.0833209312255,0.0843343330301,0.0845466648368,0.0853091290516,0.085492506521,0.0862260163986,0.0869209204931,0.0868340574813,0.0876544303707,0.088638877838,0.0887933009701,0.0891793588004,0.0899225201237,0.0900576403644,0.090269972171,0.0899804287983,0.0900672918101,0.0907235901216,0.0904823039777,0.0903278808456,0.0913798884331,0.091543963011,0.0919300208413,0.0925477133698,0.0929916798747,0.0939954302335,0.0946227742077,0.095327329748,0.095568615892,0.0956940846868,0.0955975702292,0.0953466326395,0.0955589644462,0.0958388563732,0.0962152627577,0.0967653951659,0.0969391211895,0.0974120420317,0.0985412611853,0.0995643144356,0.0998442063626,0.101089242865,0.101822752743,0.102546611175,0.102913366114,0.103222212378,0.103917116472,0.104003979484,0.103955722255,0.103888162135,0.10490156394,0.10535518189,0.105548210805,0.105442044902,0.106484401044,0.107044184898,0.107796997667,0.108491901761,0.10981414983,0.110933717538,0.111300472477,0.111532107175,0.112564811871,0.114080088855,0.11388705994,0.114427540902,0.115083839214,0.115585714393,0.115875257766,0.115518154273,0.116657024872,0.117409837641,0.118674177036,0.119166400769,0.120604466187,0.121337976065,0.121897759919,0.12280499582,0.122679527025,0.124725633526,0.125140645693,0.126279516293,0.126617316894,0.12758246147,0.128422137251,0.129126692791,0.130564758209,0.131800143266,0.134328822055,0.134077884465,0.134946514583,0.135824796147,0.136799592169,0.137600662166,0.138449989393,0.139540602764,0.140766336375,0.142030675769,0.14216579601,0.143671421548,0.144424234317,0.145563104916,0.146180797445,0.147483742622,0.148458538644,0.149703575146,0.150784537071,0.151054777553,0.152541100199,0.153718576582,0.154876750073,0.156295512599,0.1566333132,0.158100332956,0.159374323796,0.159992016324,0.160619360298,0.162597906679,0.163862246073,0.16548368896,0.167413978112,0.16853354582,0.17057965232,0.171747477257,0.173388223036,0.175009665923,0.176669714593,0.178011265554,0.179063273141,0.18013458362,0.181312060003,0.183358166503,0.185269152763,0.186475583483,