# R script for Peak Model
#  -- generated by MACS
p <- c(0.024926767891,0.0289515181035,0.0331096854502,0.0373012070804,0.0413370753875,0.0417150906008,0.0414927287106,0.0414482563326,0.0412592487259,0.0410813592137,0.0412036582533,0.0411035954028,0.0413593115765,0.0415260829941,0.0416372639392,0.0419485705855,0.0417039725063,0.0414704925216,0.0415372010886,0.0418818620184,0.0418151534514,0.0423154677043,0.0420263972471,0.041981924869,0.0416483820337,0.0415038468051,0.0414816106161,0.0420931058141,0.0420486334361,0.0417595629788,0.0419708067745,0.0416817363173,0.0419263343965,0.0417817991679,0.0419708067745,0.0420597515306,0.0422932315153,0.0423710581769,0.0426045381616,0.0427601914847,0.0425378295945,0.0424377667439,0.0423488219879,0.0427157191067,0.0429825533749,0.043071498131,0.043049261942,0.0422821134208,0.041981924869,0.0416706182228,0.0417595629788,0.041915216302,0.0416483820337,0.0413593115765,0.0416039096557,0.0411035954028,0.0415372010886,0.0417373267898,0.0419930429635,0.0421264600977,0.0422821134208,0.0420486334361,0.0420819877196,0.0421931686647,0.041892980113,0.042548947689,0.0422154048537,0.0421598143812,0.041937452491,0.0417150906008,0.0418040353569,0.0422487591373,0.042504475311,0.0425155934055,0.0427490733902,0.0424711210275,0.0429158448079,0.0428046638628,0.0427157191067,0.0431270886035,0.0427046010122,0.0429380809969,0.0428936086188,0.0426601286341,0.0423043496098,0.041937452491,0.0416817363173,0.0416039096557,0.0419485705855,0.0421598143812,0.0425823019726,0.0422154048537,0.0422709953263,0.0425378295945,0.0429491990914,0.0433049781157,0.0429603171859,0.0434939857224,0.043682993329,0.0433605685882,0.0433049781157,0.0434161590608,0.0438052923686,0.0433383323992,0.0431048524145,0.0434050409663,0.0440165361643,0.0442833704326,0.0442166618655,0.0444501418502,0.0445724408898,0.0449949284812,0.0446613856459,0.0450838732373,0.0454841246396,0.0451061094263,0.0450282827647,0.0447836846855,0.0446280313624,0.0448392751581,0.0446169132679,0.044161071393,0.044161071393,0.0442833704326,0.0440943628259,0.0442166618655,0.0440054180698,0.0446391494569,0.0447392123075,0.044183307582,0.0442611342435,0.0441388352039,0.0442166618655,0.0437163476126,0.0435718123839,0.0437497018961,0.0441388352039,0.0436051666675,0.0435829304784,0.0440387723533,0.0444279056612,0.04479480278,0.0450727551428,0.0453618256,0.0453618256,0.0451061094263,0.0449615741977,0.0444946142282,0.0448837475361,0.0451283456153,0.04479480278,0.044728094213,0.0446057951733,0.0449838103867,0.0455508332067,0.0455841874902,0.0454507703561,0.0460066750816,0.0453062351275,0.0448059208745,0.0446057951733,0.0445835589843,0.0446391494569,0.0443167247161,0.0441054809204,0.0440276542588,0.0439831818808,0.0438608828412,0.0444723780392,0.0449615741977,0.0455174789232,0.0457064865298,0.045862139853,0.0461512103102,0.0459955569871,0.0466070521851,0.0469072407369,0.0472296654777,0.0472296654777,0.0473408464228,0.0472519016667,0.0474409092733,0.0470962483435,0.047018421682,0.0468961226424,0.0468738864533,0.04706289406,0.0472519016667,0.0477410978251,0.047607680691,0.0471073664381,0.0471407207216,0.0477855702032,0.0480968768494,0.0484415377792,0.0485749549133,0.0483748292122,0.0480635225659,0.0474853816514,0.0473964368953,0.0482970025506,0.0482970025506,0.0477077435416,0.0475187359349,0.0483081206451,0.0479745778098,0.0483303568341,0.0485860730079,0.0490641510718,0.0497423548369,0.0495644653247,0.0497868272149,0.0500091891051,0.0501092519557,0.0497868272149,0.0499424805381,0.0496200557973,0.0497534729314,0.0498090634039,0.0494866386632,0.0492420405839,0.049264276773,0.0494644024741,0.0496311738918,0.0491642139224,0.0496422919863,0.0497423548369,0.0496422919863,0.0496645281753,0.0489863244102,0.0497534729314,0.0497201186479,0.0500870157667,0.0506762747757,0.0512099433122,0.0513322423518,0.0519437375498,0.0517436118486,0.0514545413914,0.0518103204157,0.0513767147298,0.051532368053,0.0512655337847,0.0507985738153,0.0504761490745,0.0499647167271,0.049875771971,0.0506429204922,0.0511765890286,0.0518770289828,0.0520882727784,0.0522661622906,0.052710886071,0.05273312226,0.0528443032051,0.05330014508,0.053233436513,0.0528665393941,0.0526441775039,0.0524996422753,0.0525885870314,0.0526997679765,0.0531444917569,0.0537226326714,0.0540005850341,0.0535892155373,0.0537003964824,0.0537671050494,0.0540450574122,0.0543007735859,0.0542229469243,0.0547566154608,0.0540117031286,0.0539116402781,0.0538671679,0.0545564897596,0.054956741162,0.0548566783114,0.0554904096984,0.0554570554149,0.0556349449271,0.0551123944851,0.0557350077777,0.0556460630216,0.0558795430063,0.0560574325184,0.0556238268326,0.0561241410855,0.0557572439667,0.0558350706283,0.0560574325184,0.0562464401251,0.0561463772745,0.0563798572592,0.0569246438902,0.057247068631,0.0577029105059,0.0582143428533,0.0585590037832,0.0595040418165,0.0602267179596,0.0608604493467,0.0612940550326,0.0625503997122,0.0630062415871,0.0636288548796,0.0649963805043,0.0659747728212,0.0671866451228,0.0677647860373,0.068064974589,0.0687765326377,0.0703553020581,0.0700551135063,0.0709223248781,0.0709334429726,0.0709334429726,0.0705331915702,0.0700439954118,0.0704998372867,0.0714893476981,0.071467111509,0.070833380122,0.0716894733992,0.0721008428961,0.0725678028655,0.0729013457008,0.0738797380177,0.0743244617981,0.0744245246486,0.0741910446639,0.0746913589169,0.0755252160051,0.0755474521941,0.0752361455479,0.0752583817369,0.0755140979106,0.0754918617216,0.0762812464318,0.0762478921483,0.0762923645263,0.0767148521177,0.0765814349836,0.0770595130475,0.0773374654102,0.0778488977577,0.0780267872698,0.0781713224985,0.0779489606083,0.0778488977577,0.0784159205777,0.0782157948765,0.0786049281843,0.0785382196173,0.0785382196173,0.0787383453185,0.0790051795867,0.0793943128945,0.0802504061718,0.081062027071,0.0807062480467,0.0805728309126,0.080450531873,0.0806061851961,0.0814400422843,0.0822961355616,0.0825073793573,0.082240545089,0.0818847660647,0.0821293641439,0.0827075050585,0.083285645973,0.0835080078632,0.0834412992961,0.0834746535796,0.0826519145859,0.0832522916894,0.0834301812016,0.0838193145094,0.0842640382898,0.0847977068263,0.0852535487012,0.0858428077102,0.0866321924204,0.0874660495087,0.0888113389443,0.0888224570388,0.0897119045996,0.0906235883494,0.0904456988373,0.0915463901938,0.09185769684,0.0928249710624,0.0938700719463,0.0940924338365,0.0942925595377,0.0953043061381,0.095804620391,0.0956600851624,0.0967607765189,0.0967718946134,0.0978281135918,0.0973277993389,0.0976502240796,0.0974389802839,0.0978169954973,0.09809494786,0.0987731516251,0.0995514182408,0.100285212478,0.0999294334541,0.100674345786,0.101296959079,0.101830627615,0.102764547554,0.103298216091,0.103342688469,0.103920829383,0.104265490313,0.103954183667,0.10477692266,0.104465616014,0.105644134032,0.106244511136,0.106522463498,0.107200667264,0.107534210099,0.108112351013,0.108368067187,0.109568821394,0.111281007949,0.112192691698,0.112581825006,0.11295984022,0.113860405875,0.114716499152,0.115728245753,0.11636197714,0.117484904685,0.117507140874,0.117084653283,0.11771838467,0.11771838467,0.117662794197,0.118252053206,0.118363234151,0.119108146484,0.11929715409,0.119686287398,0.120531262581,0.121876552017,0.122832708144,0.12430029662,0.125156389897,0.125979128891,0.127257709759,0.127947031619,0.128113803037,0.129359029622,0.130326303844,0.131471467578,0.131449231389,0.132716694164,0.133872975993,0.134918076877,0.136552436769,0.1370972234,0.138609284254,0.139443141342,0.140666131738,0.141088619329,0.142689624939,0.1435790725,0.144979952408,0.146125116142,0.145969462819,0.147981837926,0.150205456827,0.152206713839,0.153752128976,0.154686048915,0.15615363739,0.156931904006,0.158221602969,0.160011616185,0.16172380274,0.162713313151,0.164058602587,0.164703452068,0.16658241004,0.168216769933,0.169473114613,0.171663379231,0.173231030557,0.174020415268,0.17589937324,0.177389197904,0.178200818803,0.179646171089,0.180268784382,0.181825317613,0.183459677506,0.184649313619,0.18586118592,0.188329402902,0.189585747581,0.190931037017,