# R script for Peak Model
#  -- generated by MACS
p <- c(0.0251571905923,0.0296410054554,0.0332400141856,0.0375803469731,0.0419565502796,0.0416576292887,0.0417532840058,0.0416934998076,0.0416456724491,0.0413587082978,0.040928262071,0.0406173842405,0.0411315283448,0.0415380608924,0.0414782766942,0.0416695861283,0.0417532840058,0.0416695861283,0.0423511259875,0.042566349101,0.0421359028741,0.0421119891948,0.0420163344778,0.0412989240997,0.0414424061753,0.0416456724491,0.0416695861283,0.0414902335338,0.0410358736277,0.0415021903735,0.0418011113643,0.041813068204,0.0418489387229,0.0417293703265,0.0415141472131,0.0410956578259,0.0412510967411,0.0411793557033,0.0413347946186,0.0404978158441,0.0405456432026,0.0403782474478,0.0401151969758,0.0405217295234,0.040402161127,0.0411195715051,0.0409043483917,0.0415619745716,0.0411913125429,0.0418011113643,0.0416337156094,0.0413706651375,0.0415978450905,0.0418728524021,0.0421239460345,0.0417891545247,0.0420880755156,0.0413347946186,0.0417293703265,0.041813068204,0.0418011113643,0.0419326366003,0.0420761186759,0.041681542968,0.0416695861283,0.0417054566472,0.0414543630149,0.0419924207985,0.0420522049967,0.0421478597137,0.0423989533461,0.0429967953278,0.0431522342431,0.0434750689132,0.04358268047,0.0437142057059,0.0435109394322,0.0432478889602,0.0431283205638,0.0426739606577,0.0424706943839,0.0419924207985,0.0417174134869,0.0413347946186,0.0418608955625,0.0413228377789,0.0415261040527,0.0414543630149,0.0412032693826,0.0413826219771,0.0412510967411,0.0415619745716,0.0417174134869,0.0415619745716,0.0407010821179,0.0409402189106,0.0409402189106,0.0411793557033,0.0411673988637,0.0409521757502,0.0414424061753,0.0414543630149,0.0418250250436,0.0423989533461,0.0426261332992,0.0429489679693,0.0432957163187,0.0434152847151,0.0438457309419,0.0442403066499,0.04456314132,0.0444316160841,0.0442642203292,0.0441805224517,0.043809860423,0.04358268047,0.0436902920267,0.04358268047,0.043451155234,0.0436065941492,0.0433555005169,0.0436544215078,0.0437142057059,0.0436544215078,0.0439174719797,0.0448022781127,0.044826191792,0.0449935875469,0.0450533717451,0.0452805516981,0.0455555590098,0.0453403358963,0.0450533717451,0.0451609833018,0.0449935875469,0.044072910895,0.0437142057059,0.0437261625456,0.0435348531114,0.0433913710358,0.0435109394322,0.043809860423,0.043941385659,0.0437500762249,0.0443837887255,0.0445870549993,0.0447544507542,0.0447424939146,0.0451968538207,0.044957717028,0.0442522634895,0.044204436131,0.0442881340084,0.0447783644335,0.0446468391975,0.0446109686786,0.0444794434426,0.0448022781127,0.0447066233957,0.0449098896695,0.0455196884908,0.0457229547646,0.0459142641988,0.0458664368403,0.0456990410854,0.0460816599537,0.046464278822,0.0460936167933,0.0467512429733,0.0466675450958,0.0463686241049,0.0461414441519,0.0461294873122,0.0460816599537,0.0467153724544,0.0469305955678,0.0463686241049,0.0461175304726,0.0456990410854,0.0455914295287,0.0457707821232,0.0459501347177,0.0465599335391,0.0462251420293,0.0458664368403,0.0459142641988,0.0463925377842,0.0471577755209,0.0469305955678,0.0469305955678,0.046595804058,0.0469664660867,0.0466675450958,0.0472893007568,0.0473969123136,0.0471577755209,0.0471697323605,0.0465838472184,0.0467871134922,0.0472414733983,0.0474447396721,0.0470501639641,0.0468947250489,0.0465240630202,0.0466077608976,0.0466197177373,0.0470023366056,0.0478154017008,0.0476599627855,0.0477077901441,0.0478273585404,0.047743660663,0.0481262795313,0.0479230132575,0.0475882217477,0.0478871427386,0.0477914880215,0.0480904090124,0.0482697616069,0.0480904090124,0.0482936752862,0.048628466796,0.0482697616069,0.0485328120789,0.0488317330698,0.0487241215131,0.0488676035887,0.0484012868429,0.0489632583058,0.0492263087777,0.0491426109003,0.0489513014661,0.0491426109003,0.0494893592497,0.0496567550046,0.0495252297686,0.0492023950985,0.0489393446265,0.0487839057112,0.048759992032,0.0491904382588,0.0497045823631,0.0499915465144,0.0499676328351,0.0500752443918,0.0498958917973,0.0498241507595,0.0506372158547,0.0507328705718,0.0508763526474,0.050625259015,0.0501111149107,0.0499078486369,0.0503143811845,0.0503861222223,0.0509600505248,0.0513426693931,0.0509839642041,0.0508165684492,0.051019834723,0.0514741946291,0.0520002955731,0.0519285545353,0.0516894177426,0.0516655040633,0.0517252882615,0.0519524682145,0.0520002955731,0.0518687703371,0.0514741946291,0.0515698493462,0.0515339788273,0.0521198639694,0.0523231302432,0.0526937922719,0.0528133606683,0.052526396517,0.0526220512341,0.0533394616122,0.053805778358,0.0539612172732,0.0536503394427,0.0536862099616,0.0538655625562,0.0539492604336,0.053805778358,0.0540807856696,0.0543318793019,0.0539731741129,0.0540688288299,0.0545351455757,0.0547862392081,0.0544394908586,0.0547503686892,0.0549775486422,0.0561254052472,0.0569145566631,0.057476528126,0.0585765573724,0.058720039448,0.059210269873,0.0596646297792,0.0607048748274,0.0613027168092,0.0621875229422,0.0624386165745,0.0632038543112,0.0632995090283,0.0629527606788,0.0635984300191,0.0636821278966,0.0644114951143,0.0646745455863,0.0657865316724,0.0662528484181,0.0656908769553,0.0652963012473,0.0660734958236,0.0674246187024,0.0678789786085,0.0675441870987,0.0683094248354,0.0681539859201,0.0672811366267,0.0666713378054,0.0675920144573,0.0682496406372,0.0683094248354,0.0679028922878,0.0687279142226,0.0695409793178,0.0696246771952,0.0703062170544,0.0704377422904,0.0707844906398,0.0711790663478,0.0717529946503,0.0719682177637,0.0723030092735,0.071597555735,0.0724943187076,0.0721953977168,0.0726019302644,0.0729128080949,0.0734508658785,0.0735106500766,0.0733073838028,0.073630218473,0.0745628519645,0.075136780267,0.0749813413517,0.0755911401731,0.0756150538524,0.0759020180037,0.0757824496073,0.0760694137585,0.0764998599854,0.0760813705982,0.075627010692,0.0762128958342,0.0758183201262,0.0764879031458,0.0774205366373,0.0785923069216,0.0789868826295,0.0796325519698,0.0797879908851,0.0810195453675,0.0810434590467,0.0810793295657,0.0820956609346,0.0822750135292,0.082346754567,0.0819402220194,0.0828011144731,0.0838054890025,0.0840804963141,0.0844511583428,0.0851805255605,0.0858261949008,0.0863881663636,0.0862566411277,0.0861490295709,0.0872012314588,0.0868425262698,0.0864240368825,0.0867946989112,0.0875599366479,0.0881099512711,0.0888273616492,0.0888871458474,0.0903937076414,0.0910393769817,0.0915176505671,0.092438327219,0.0927133345306,0.0935144427862,0.0934307449087,0.0936818385411,0.0933948743898,0.0936459680221,0.093323133352,0.0938014069374,0.0941959826454,0.0953079687314,0.0963243001004,0.0968982284029,0.0974721567054,0.0979623871304,0.0988232795842,0.099516776283,0.100401582416,0.100820071803,0.101752705295,0.102422288314,0.103366878645,0.104610389968,0.105279972987,0.106846318979,0.107982218745,0.108735499642,0.109704003652,0.11140187488,0.112214939975,0.112764954599,0.113219314505,0.113924768043,0.114522610025,0.114725876299,0.115443286677,0.116555272763,0.117188985264,0.117822697764,0.118061834557,0.118253143991,0.119412957436,0.119496655313,0.120680382437,0.121648886448,0.122151073712,0.123023923006,0.123561980789,0.124111995412,0.125570729848,0.127005550604,0.126718586453,0.128320802964,0.129659969003,0.130233897306,0.131704588581,0.133091581978,0.13466988481,0.135195985754,0.136499281274,0.138388461937,0.140468952033,0.141317887647,0.141915729629,0.144056003924,0.144857112179,0.145741918312,0.147069127512,0.14877895558,0.149221358646,0.149472452278,0.150584438365,0.151564899215,0.153095374688,0.154063878698,0.155450872096,0.157017218088,0.157411793796,0.15957598177,0.160652097337,0.161931479178,0.163055422104,0.164023926114,0.166498991919,0.167730546401,0.168639266214,0.16973929546,0.17236980018,0.17301546952,0.175598146881,0.177391672826,0.179197155611,0.182078753963,0.182473329671,0.183955977786,0.186179949958,0.187411504441,0.188380008451,0.190197448076,0.19103442685,0.192313808691,0.193091003267,0.193509492655,0.193963852561,0.19627152261,0.199141164123,0.201102085823,0.202584733938,0.204055425213,0.205705469082,0.20773813182,