# R script for Peak Model
#  -- generated by MACS
p <- c(0.0251180784692,0.0293809377394,0.033512632109,0.0380706124056,0.0422788196339,0.0426176622939,0.0422350980004,0.0423881237178,0.0431095306712,0.0432188347551,0.043841868033,0.0440604762007,0.0443993188607,0.0444539709026,0.0446397878451,0.045175377856,0.0452518907147,0.0451863082644,0.0449130480548,0.0444211796774,0.0441369890594,0.0441697802846,0.044038615384,0.0436669814989,0.0436669814989,0.0432297651635,0.0436123294569,0.044038615384,0.0440276849756,0.0445960662116,0.0448474656045,0.0449786305051,0.0449677000967,0.0451316562225,0.0451644474476,0.0456235245998,0.0453502643902,0.0449786305051,0.0448802568296,0.045033282547,0.0450442129554,0.0451425866309,0.045033282547,0.0450551433638,0.0449786305051,0.0448256047877,0.0447928135625,0.0446397878451,0.0444976925361,0.0441479194678,0.0442462931433,0.0442025715097,0.0445414141697,0.0446616486619,0.04460699662,0.0441697802846,0.0444867621278,0.0445414141697,0.0445086229445,0.0446835094787,0.0448693264212,0.0452409603063,0.0450551433638,0.0452081690812,0.0452846819399,0.0458639935843,0.0458749239927,0.0462684186945,0.0464651660455,0.0462137666526,0.0459295760346,0.0455688725579,0.0455579421495,0.0451644474476,0.0454049164321,0.0453830556153,0.0454267772489,0.0455360813327,0.0454923596992,0.0460279497101,0.0460279497101,0.046082601752,0.0463121403281,0.0465635397209,0.0465635397209,0.0463886531868,0.0461591146107,0.0460716713436,0.0464433052287,0.0462465578778,0.0464214444119,0.0467056350299,0.0468586607473,0.0471865729989,0.0472302946324,0.0480828664865,0.0483779875129,0.0485091524135,0.0486949693561,0.0486512477225,0.0488370646651,0.0485747348638,0.0483451962877,0.0483451962877,0.0485747348638,0.0478314670936,0.047984492811,0.0478751887272,0.0480719360781,0.0483779875129,0.0485310132303,0.0479735624026,0.0481047273033,0.0481156577116,0.0481156577116,0.0480719360781,0.0473942507582,0.0477112326014,0.0473395987163,0.0475144852505,0.047558206884,0.0483998483297,0.048323335471,0.0483889179213,0.0481703097536,0.0484982220051,0.0488589254818,0.0486512477225,0.0489026471154,0.0485310132303,0.0484982220051,0.047842397502,0.0481047273033,0.0482140313871,0.048410778738,0.048323335471,0.0483998483297,0.0480500752613,0.0479407711775,0.0481484489368,0.0480391448529,0.0484982220051,0.0483779875129,0.0484326395548,0.04846543078,0.0481375185284,0.0481812401619,0.0486293869057,0.048410778738,0.0484435699632,0.0483014746542,0.0484435699632,0.0486403173141,0.0481484489368,0.0480828664865,0.0481375185284,0.0484763611883,0.0480063536278,0.0485091524135,0.0488479950734,0.0490993944663,0.0493835850843,0.049460097943,0.0497333581526,0.04988638387,0.0500722008126,0.0502908089803,0.0505312779648,0.0501268528545,0.0497770797862,0.0499847575455,0.049798940603,0.0496349844772,0.0499082446868,0.0500066183623,0.0504547651061,0.0500722008126,0.0502142961216,0.0504766259228,0.0506624428654,0.0500503399958,0.0501924353048,0.0503345306138,0.0503017393887,0.0505312779648,0.0504984867396,0.0508154685828,0.0512964065517,0.0514385018607,0.0513947802272,0.0518866486045,0.0519085094213,0.0523129345316,0.0519631614632,0.0519959526884,0.0516789708452,0.05198502228,0.05198502228,0.0519413006465,0.0523020041232,0.0524878210657,0.0524440994322,0.0523894473903,0.0527938725005,0.0524878210657,0.0527938725005,0.052608055558,0.052411308207,0.0524550298406,0.0522910737148,0.0519522310548,0.0520615351387,0.0520506047303,0.0521708392225,0.0523020041232,0.0516789708452,0.0520068830968,0.0522582824896,0.0528594549508,0.0528703853592,0.0527720116837,0.0528813157676,0.0531655063856,0.0532201584275,0.0535262098623,0.054225755999,0.0538213308887,0.0539197045642,0.0533731841449,0.0533841145533,0.0540180782396,0.0539962174229,0.0543241296744,0.0544006425331,0.0549580933608,0.0550673974446,0.0556139178639,0.0555483354136,0.0558325260316,0.0563025335922,0.0563243944089,0.0567397499276,0.0565757938018,0.0563462552257,0.0556795003142,0.0560839254244,0.0557122915394,0.0559090388903,0.0558871780735,0.0557341523561,0.0561932295083,0.0558871780735,0.0557778739897,0.0559527605238,0.0563899768592,0.0562150903251,0.0568053323779,0.0570676621791,0.056980218912,0.0570130101372,0.0564774201263,0.0563790464508,0.0561713686915,0.0564664897179,0.0563243944089,0.0563899768592,0.0556029874555,0.0558871780735,0.0566413762521,0.0568818452366,0.0571660358546,0.057122314221,0.0574830176978,0.0583027983266,0.0587072234369,0.0587072234369,0.0592537438562,0.0592865350813,0.0593739783484,0.0594286303903,0.0593958391652,0.059931429176,0.060270271836,0.0597018905999,0.059647238558,0.0600844548934,0.0601391069354,0.0595816561077,0.0596909601916,0.0601063157102,0.0611884261403,0.061549129617,0.0616802945177,0.0616912249261,0.0621393716698,0.0621830933034,0.0624782143298,0.0628498482149,0.0629919435239,0.063647768027,0.0634400902677,0.0636586984354,0.0643691749804,0.0648829041745,0.0657791976621,0.0667410736,0.0674078285115,0.0679980705643,0.0686648254758,0.0691457634448,0.0704792732678,0.0713209147134,0.071736270232,0.0726325637196,0.0727309373951,0.0725123292274,0.0732883882227,0.0738567694588,0.0739988647678,0.0735835092491,0.0728183806622,0.0729386151544,0.0734851355737,0.0738567694588,0.0734960659821,0.0740644472181,0.0743595682445,0.0745235243703,0.0747858541715,0.0753651658159,0.0759444774604,0.0764582066545,0.0762723897119,0.0769719358486,0.077835438111,0.0780759070955,0.0781086983206,0.078688009965,0.0789612701747,0.0798029116203,0.0802510583641,0.0802947799977,0.0806992051079,0.0803275712228,0.0802401279557,0.0808631612337,0.0813768904278,0.081212934302,0.0818578283967,0.081212934302,0.0813768904278,0.0816501506374,0.0819562020722,0.0820764365644,0.0823715575908,0.0826010961669,0.0827978435179,0.0836285545551,0.0836613457803,0.0840767012989,0.0843390311002,0.084929273153,0.0847981082524,0.084732525802,0.0853336982632,0.0852681158129,0.0848418298859,0.0851260205039,0.08535555908,0.0858474274573,0.0856178888812,0.0858802186825,0.0860441748083,0.0869951203378,0.0866781384946,0.0870497723797,0.0878039705583,0.088306769344,0.0879023442338,0.0879569962757,0.0886018903704,0.0884925862866,0.0889953850723,0.0890609675226,0.0896949312089,0.0900993563192,0.0906021551049,0.0907333200055,0.0919247345195,0.0923947420801,0.0927007935149,0.0928210280071,0.0932801051593,0.0931489402587,0.0939031384372,0.0940452337462,0.0945371021236,0.0948212927416,0.0950399009093,0.0956192125537,0.0956520037789,0.0959143335801,0.0965920189,0.0979801807649,0.0976085468798,0.0983190234248,0.097925528723,0.0982971626081,0.0989639175196,0.0992699689544,0.100100679992,0.100559757144,0.100537896327,0.10017719285,0.100800226128,0.101139068788,0.101423259406,0.1018058237,0.101641867574,0.102024431867,0.102221179218,0.103172124748,0.103882601293,0.104953781315,0.106188917462,0.10681195074,0.107413123201,0.108047086888,0.108407790364,0.109369666302,0.109697578554,0.10999269958,0.109905256313,0.110255029381,0.110036421214,0.110255029381,0.111424583079,0.111785286555,0.11270344086,0.113086005153,0.114244628442,0.114703705594,0.115326738872,0.115753024799,0.116922578496,0.117720498309,0.11798282811,0.118441905262,0.118922843231,0.119250755483,0.119983092844,0.121185437767,0.122344061056,0.123469893119,0.123983622313,0.125229688869,0.126060399906,0.126475755425,0.127350188096,0.128497880976,0.129186496705,0.129033470987,0.129853251616,0.130159303051,0.130946292455,0.130935362046,0.13212677656,0.133471216792,0.134793796206,0.13564636806,0.136739408899,0.138389900565,0.139242472419,0.139832714472,0.140761799185,0.141887631248,0.142729272694,0.144423485994,0.145494666015,0.146380029095,0.146664219713,0.148052381577,0.149025187924,0.150446141014,0.151976398188,0.15304757821,0.153681541896,0.154249923132,0.154621557017,0.155812971531,0.158578364852,0.15879697302,0.159911874675,0.161496783891,0.162567963913,0.164043569045,0.165781503978,0.166295233172,0.168393871582,0.169475982012,0.169082487311,0.170590883668,0.171913463082,0.172492774727,0.17321418168,0.174274431294,