# R script for Peak Model
#  -- generated by MACS
p <- c(0.0315233054569,0.0366161779242,0.0418245588391,0.0471694497377,0.0526823529239,0.0526613513879,0.053018377499,0.0536694251134,0.0536589243454,0.0536484235775,0.0534909120579,0.0536064205056,0.0541629612082,0.0540894558324,0.0539844481526,0.054225965816,0.053816435865,0.0537534312572,0.0539214435448,0.0541314589042,0.0541944635121,0.0543834773356,0.0536799258814,0.0537849335611,0.0535749182016,0.0535014128258,0.0543729765676,0.0540894558324,0.0540579535284,0.0541209581363,0.0539739473846,0.0540789550644,0.0540264512245,0.0538689397049,0.0544149796395,0.0544674834794,0.0543624757997,0.054246967352,0.0544464819435,0.054624994999,0.0549190165023,0.0549295172702,0.0553390472212,0.0556645710284,0.0552445403095,0.05503452495,0.0550870287899,0.0550765280219,0.055045025718,0.0549085157343,0.0548875141984,0.0547720057506,0.0548245095905,0.0550660272539,0.0548350103585,0.0548980149663,0.0544989857833,0.0546039934631,0.0541734619761,0.0537219289533,0.0537009274173,0.0539634466167,0.0537429304892,0.0533334005382,0.053417406682,0.0533228997703,0.0534909120579,0.0536064205056,0.0537744327931,0.0545619903912,0.0544359811755,0.0544149796395,0.0541839627441,0.0539949489206,0.0544464819435,0.0544884850154,0.0539424450807,0.0542994711918,0.0545304880872,0.053816435865,0.0536799258814,0.0532703959304,0.0542889704239,0.0547300026787,0.0547720057506,0.0550030226461,0.0551710349336,0.0551710349336,0.0553390472212,0.0558955879238,0.0560320979075,0.0565151332343,0.0560425986755,0.0559165894598,0.0557695787081,0.0560530994434,0.0564101255545,0.0565151332343,0.0561686078911,0.0557065741003,0.0560320979075,0.0563366201787,0.056231612499,0.0565676370741,0.0563156186428,0.0562736155709,0.0559690932996,0.0557800794761,0.0559690932996,0.0564311270905,0.0562631148029,0.0557485771722,0.0560636002114,0.0558535848519,0.0562946171068,0.0563261194107,0.0572291854565,0.0571766816166,0.0572186846885,0.0572396862245,0.0570821747048,0.0574497015839,0.0571556800807,0.0573971977441,0.0575127061918,0.057439200816,0.0573761962081,0.0573236923682,0.0577857261591,0.0579432376787,0.0581952561101,0.0581847553421,0.058226758414,0.0580587461264,0.0579957415186,0.057838229999,0.0576387154075,0.0577962269271,0.0575127061918,0.0567881532016,0.0564941316983,0.05664114245,0.0568091547375,0.0569246631852,0.0573656954401,0.057428700048,0.057407698512,0.0570716739369,0.0572501869924,0.0579222361427,0.0580797476623,0.0580902484303,0.0579642392146,0.058205756878,0.0582792622538,0.0582582607179,0.0581112499663,0.0584682760774,0.0581637538061,0.0579432376787,0.0579222361427,0.0577332223192,0.0583002637898,0.0580377445905,0.0576072131035,0.0582792622538,0.0586677906689,0.0589198091002,0.059014316012,0.0596128597865,0.0602324050969,0.0604949242963,0.0604529212244,0.0608099473355,0.0604004173845,0.0602429058649,0.0600853943453,0.0601273974172,0.060221904329,0.0603059104728,0.0600223897375,0.0596233605545,0.0592348321394,0.0593818428911,0.0599593851296,0.060211403561,0.0605159258322,0.0604319196884,0.0602744081688,0.060200902793,0.0605159258322,0.0609464573192,0.0613034834303,0.0612614803584,0.0618495233649,0.0618285218289,0.0621540456361,0.0625740763551,0.0629731055381,0.0629101009302,0.0632146232015,0.0632986293453,0.0637501623681,0.0641071884792,0.0635716493126,0.0636766569923,0.0636766569923,0.0636976585283,0.0634666416328,0.0639496769596,0.0638761715838,0.0637291608322,0.0638761715838,0.0639706784956,0.0644117107505,0.0640441838714,0.0639391761917,0.0643487061426,0.0647582360936,0.064590223806,0.0650312560609,0.0652307706524,0.0649262483812,0.0643067030707,0.0641701930871,0.0649052468452,0.0652307706524,0.0651677660446,0.0650732591328,0.0647792376295,0.0647582360936,0.0649682514531,0.0651782668125,0.0660078274825,0.0658293144269,0.0659133205707,0.0661233359302,0.0653462791001,0.0656928044433,0.0663858551295,0.066585369721,0.0668163866164,0.0671104081197,0.066585369721,0.0670369027439,0.0667848843125,0.0665328658811,0.0671314096556,0.0672679196393,0.0666693758648,0.0664908628093,0.0664908628093,0.0666168720249,0.0670264019759,0.0675094373027,0.0674884357667,0.0676669488223,0.0679609703256,0.0680554772373,0.0686435202439,0.0685385125641,0.0684650071883,0.0688010317635,0.068990045587,0.068969044051,0.0694100763059,0.0692525647863,0.0692525647863,0.0694100763059,0.0694415786099,0.0696515939693,0.0701661316,0.0695360855216,0.069368073234,0.0694835816817,0.0691370563386,0.0693365709301,0.0693365709301,0.0694835816817,0.0694625801458,0.069777603185,0.0699561162406,0.0703236431196,0.0708066784464,0.0707331730706,0.0711322022536,0.0713002145412,0.0718882575477,0.072171778283,0.0727808228255,0.0730328412568,0.0736208842634,0.0743139349496,0.07415642343,0.0743244357176,0.0748074710444,0.0749124787241,0.0746079564529,0.0749859840999,0.0756475324823,0.0767816154234,0.0774431638058,0.0784617382992,0.0800158519593,0.0826305431848,0.0836911207501,0.0856127612893,0.0879334310115,0.0898025677108,0.0911781683153,0.0916402021062,0.0928687919591,0.0932468196062,0.0943809025473,0.0939293695244,0.0944754094591,0.0950214493937,0.095294469361,0.0954099778087,0.0956199931682,0.0964180515342,0.0966910715015,0.0967645768773,0.096512558446,0.0968590837891,0.0975626352433,0.0975731360113,0.0979301621224,0.0978251544427,0.0982556859296,0.0981716797858,0.0980246690342,0.0991482512074,0.0995052773185,0.0994317719426,0.0997257934459,0.0998097995897,0.100072318789,0.100450346436,0.10032433722,0.100198328005,0.100397842596,0.100240331077,0.100838874851,0.101090893282,0.101174899426,0.101615931681,0.10115389789,0.101668435521,0.101993959328,0.102855022302,0.103380060701,0.103894598331,0.103821092956,0.104346131354,0.104587649018,0.104734659769,0.105595722743,0.105826739639,0.106614297237,0.106656300309,0.106897817972,0.107055329492,0.107548865586,0.10773787941,0.107590868658,0.108231415505,0.108084404753,0.108556939312,0.108756453903,0.109197486158,0.109827532237,0.109953541452,0.109481006893,0.109302493838,0.109880036076,0.109848533773,0.110184558348,0.110268564491,0.109932539916,0.110709596746,0.110342069867,0.110772601354,0.112379218854,0.112547231142,0.112704742661,0.113114272612,0.113156275684,0.113943833282,0.114416367841,0.11494140624,0.115256429279,0.114972908544,0.114311360161,0.115382438495,0.11561345539,0.116359009916,0.116663532187,0.116716036027,0.11732508057,0.116737037563,0.117125565978,0.117797615129,0.118217645848,0.118438161975,0.118732183478,0.11893169807,0.119593246452,0.119635249524,0.119162714965,0.119183716501,0.119036705749,0.119540742612,0.119572244916,0.119467237236,0.120118284851,0.119288724181,0.119530241844,0.119792761044,0.120727329393,0.121409879312,0.122386450733,0.122512459949,0.123279016011,0.1245286074,0.124591612008,0.125841203396,0.126471249475,0.127111796321,0.12696478557,0.127468822432,0.127405817824,0.127363814753,0.128014862367,0.127489823968,0.128224877726,0.127962358527,0.127521326272,0.126786272514,0.127416318592,0.128287882334,0.12857140307,0.129064939164,0.128854923805,0.129117443004,0.128833922269,0.129652982171,0.131049584311,0.13224667186,0.132267673396,0.132068158805,0.131868644213,0.132761209491,0.133506764017,0.134262819311,0.135123882285,0.135533412236,0.135638419916,0.136131956011,0.136877510537,0.13701402052,0.138442124965,0.138316115749,0.138337117285,0.138536631877,0.139072171043,0.139313688707,0.139996238625,0.140395267808,0.140804797759,0.14116182387,0.141025313886,0.142484920635,0.143619003576,0.144963101876,0.145341129524,0.145698155635,0.145635151027,0.146485713233,0.146664226288,0.147861313837,0.148953393706,0.149488932873,0.150013971272,0.149908963592,0.150770026566,0.151515581092,0.152481651746,0.153069694752,0.153762745438,0.153783746974,0.154329786909,0.154991335291,0.155337860634,0.155978407481,0.156440441272,0.157385510389,0.157595525749,0.158204570291,0.159328152464,0.159779685487,0.160031703919,0.160546241549,0.161501811435,0.162110855977,0.162709399752,0.163433952742,0.164284514948,0.164389522628,0.164977565634,