# R script for Peak Model
#  -- generated by MACS
p <- c(0.0348483660472,0.0414446639062,0.0476053571895,0.0530192997719,0.0600512022064,0.061980308184,0.0624781419847,0.0622292250844,0.0622914543094,0.0619180789589,0.0617936205088,0.061233557483,0.0607979529074,0.0610468698077,0.0593044515054,0.0584332423542,0.056815282502,0.0552595518749,0.0554462395502,0.0558196149007,0.0554462395502,0.0552595518749,0.0550728641997,0.0558196149007,0.0567530532769,0.0583710131291,0.0601134314315,0.0622292250844,0.0613580159332,0.0620425374091,0.0615447036084,0.0616691620586,0.0626648296599,0.0626648296599,0.0633493511359,0.0613580159332,0.0614202451583,0.0622292250844,0.0632248926857,0.0631626634606,0.0644694771874,0.0649673109881,0.0651539986633,0.0663363539399,0.0657140616891,0.0668341877406,0.0668341877406,0.0660874370396,0.0668341877406,0.0668964169657,0.0653406863386,0.0657140616891,0.0648428525379,0.0631626634606,0.062727058885,0.0628515173352,0.0628515173352,0.0622914543094,0.0611090990328,0.0609846405827,0.0612957867081,0.0609224113576,0.061233557483,0.0605490360071,0.0608601821325,0.060486806782,0.0601134314315,0.0604245775569,0.0599267437562,0.059740056081,0.0601134314315,0.0598022853061,0.0601756606566,0.0604245775569,0.0598022853061,0.0602378898817,0.0593044515054,0.0588066177047,0.0607979529074,0.0612957867081,0.0616069328335,0.0612957867081,0.0606734944572,0.0611713282579,0.0609846405827,0.0611713282579,0.0627892881101,0.0626648296599,0.0601134314315,0.0612957867081,0.0617313912837,0.0612957867081,0.0617313912837,0.0618558497338,0.0625403712098,0.0621669958593,0.0621047666342,0.0624781419847,0.0640338726118,0.0621047666342,0.0613580159332,0.0631004342355,0.0635982680362,0.0639716433867,0.0645317064125,0.064158331062,0.0622914543094,0.0628515173352,0.0619180789589,0.0625403712098,0.0638471849365,0.0620425374091,0.0616069328335,0.0615447036084,0.0620425374091,0.0619180789589,0.0639716433867,0.0640338726118,0.0652162278884,0.0655896032389,0.0640961018369,0.0660252078145,0.0654029155637,0.0642205602871,0.0633493511359,0.0645317064125,0.0640338726118,0.0633493511359,0.0620425374091,0.0612957867081,0.0616691620586,0.0607979529074,0.0619180789589,0.0619180789589,0.0624159127596,0.0622292250844,0.0622914543094,0.0622292250844,0.0632248926857,0.0629759757854,0.0628515173352,0.0635982680362,0.0629759757854,0.0647806233128,0.0650917694382,0.0644694771874,0.0636604972613,0.0640338726118,0.0640961018369,0.0649673109881,0.0657140616891,0.0651539986633,0.0659007493643,0.0642205602871,0.0627892881101,0.0631004342355,0.0638471849365,0.0645317064125,0.0646561648626,0.064158331062,0.064905081763,0.0645317064125,0.0645939356376,0.0652162278884,0.0668964169657,0.0675187092165,0.0683276891426,0.0672075630911,0.0672075630911,0.0673320215413,0.0655273740138,0.0658385201392,0.0660252078145,0.0664608123901,0.0664608123901,0.0647183940877,0.0629759757854,0.0624159127596,0.0618558497338,0.061980308184,0.0626648296599,0.0616069328335,0.0601756606566,0.059740056081,0.0591799930552,0.0599889729813,0.0603623483318,0.0612957867081,0.0613580159332,0.0605490360071,0.0616691620586,0.0633493511359,0.0636604972613,0.0635360388111,0.0624159127596,0.0625403712098,0.063411580361,0.063411580361,0.0637227264864,0.0654029155637,0.0642827895121,0.063473809586,0.0628515173352,0.0640338726118,0.0662118954898,0.0667719585155,0.0655896032389,0.0657140616891,0.0649673109881,0.0647806233128,0.0647806233128,0.0652162278884,0.0659007493643,0.0657140616891,0.0647183940877,0.064905081763,0.0650295402131,0.0652784571135,0.0660252078145,0.0658385201392,0.0654651447887,0.0652784571135,0.0659629785894,0.0663363539399,0.065651832464,0.0645939356376,0.0647183940877,0.0645317064125,0.0644072479623,0.0635360388111,0.0637849557115,0.0642827895121,0.0635360388111,0.0627892881101,0.0630382050104,0.0632248926857,0.0639716433867,0.0645317064125,0.0638471849365,0.0644694771874,0.064158331062,0.0637227264864,0.0644072479623,0.0654029155637,0.0662118954898,0.0654651447887,0.064158331062,0.0638471849365,0.0655896032389,0.0653406863386,0.0670831046409,0.0668341877406,0.0683899183677,0.067892084567,0.0675187092165,0.0696967320945,0.0695722736443,0.0695722736443,0.0694478151941,0.0707546289209,0.0696345028694,0.0705057120206,0.0677676261169,0.0668964169657,0.0667097292904,0.0660874370396,0.0673320215413,0.0679543137921,0.0673320215413,0.067145333866,0.0672075630911,0.0675809384416,0.0682654599175,0.0688877521684,0.0700078782199,0.0699456489948,0.0702567951202,0.0703812535704,0.0695722736443,0.0696345028694,0.0716880672972,0.0705057120206,0.0708790873711,0.0719369841975,0.0719369841975,0.0729948810239,0.073741631725,0.0734304855995,0.0745506116511,0.0742394655256,0.0732437979243,0.0736794024999,0.07380386095,0.0722481303229,0.0717502965223,0.0706301704707,0.0712524627216,0.0715013796219,0.0710035458212,0.0713769211718,0.0723725887731,0.0739283194002,0.0755462792524,0.0783465943812,0.080400158809,0.0825159524619,0.0850673506903,0.0873698320184,0.0908546686232,0.0917881069994,0.092970462276,0.0926593161506,0.0922859408001,0.0924726284753,0.0927215453757,0.0934060668516,0.0920992531248,0.0911658147486,0.0897345425716,0.0913525024238,0.0914147316489,0.0920370238998,0.092970462276,0.0932193791764,0.0930326915011,0.0925970869255,0.0917881069994,0.0923481700252,0.0957707774048,0.0947751098035,0.0946506513533,0.0965175281058,0.0977621126075,0.0978865710577,0.0973265080319,0.0981977171831,0.098135487958,0.098882238659,0.0962686112055,0.0968909034563,0.0970153619065,0.0957085481797,0.0959574650801,0.0960819235302,0.0970775911316,0.0980110295079,0.0994423016848,0.0985710925336,0.0978243418326,0.0979488002828,0.098820009434,0.0986955509838,0.0980732587329,0.0990066971092,0.0998156770353,0.0998779062604,0.0993800724597,0.101371407662,0.10292713829,0.102491533714,0.102678221389,0.105229619618,0.105478536518,0.104669556592,0.105167390393,0.104358410466,0.105105161167,0.104856244267,0.104856244267,0.106909808695,0.108029934746,0.10722095482,0.107345413271,0.107034267145,0.104731785817,0.105416307293,0.106100828769,0.105042931942,0.104731785817,0.104233952016,0.10292713829,0.101931470688,0.103238284415,0.104420639692,0.106785350245,0.105229619618,0.104794015042,0.104669556592,0.105354078068,0.104482868917,0.104047264341,0.105229619618,0.105416307293,0.105229619618,0.105727453418,0.10672312102,0.106225287219,0.106474204119,0.105229619618,0.105914141094,0.10672312102,0.105789682643,0.104482868917,0.10305159674,0.101993699913,0.101060261537,0.100375740061,0.102180387589,0.102802679839,0.102118158363,0.101807012238,0.102615992164,0.10317605519,0.103922805891,0.102678221389,0.103860576666,0.106536433344,0.105789682643,0.106411974894,0.107905476296,0.108029934746,0.108714456222,0.108527768547,0.107905476296,0.109523436148,0.110021269949,0.108403310097,0.108029934746,0.10722095482,0.107034267145,0.108092163972,0.107718788621,0.106100828769,0.107781017846,0.109150060798,0.107345413271,0.108278851647,0.108838914673,0.109025602348,0.109461206923,0.108527768547,0.109336748473,0.111452542126,0.112385980502,0.110207957624,0.111639229801,0.112448209727,0.112385980502,0.113692794229,0.113692794229,0.111701459026,0.110954708325,0.112821585078,0.112385980502,0.11431508648,0.114626232605,0.11406616958,0.115372983306,0.115684129432,0.115684129432,0.118733361461,0.119168966037,0.116057504782,0.115933046332,0.115186295631,0.116555338583,0.116555338583,0.115684129432,0.11419062803,0.113319418879,0.112448209727,0.112074834377,0.112323751277,0.1108924791,0.111514771351,0.112261522052,0.112697126628,0.113568335779,0.114999607956,0.115684129432,0.114812920281,0.114252857255,0.115372983306,0.11786215231,0.11811106921,0.116430880133,0.116306421683,0.114626232605,0.115124066406,0.114999607956,0.115684129432,0.116493109358,0.115808587882,0.115497441757,0.115746358657,0.115621900207,0.115746358657,0.11786215231,0.117924381535,0.118982278361,0.120538008988,0.120226862863,0.122902719542,0.125889722346,0.126263097696,0.126760931497,0.128005515999,0.128192203674,