>CTTATCWGCY	1-CTTATCWGCY	4.325769	-420.703967	0	T:289.0(57.80%),B:3433.9(7.70%),P:1e-182	Tpos:49.4,Tstd:24.5,Bpos:50.4,Bstd:37.8,StrandBias:0.3,Multiplicity:1.40
0.001	0.551	0.389	0.059
0.001	0.001	0.001	0.997
0.137	0.001	0.001	0.861
0.997	0.001	0.001	0.001
0.001	0.001	0.001	0.997
0.001	0.997	0.001	0.001
0.397	0.001	0.165	0.437
0.144	0.292	0.461	0.102
0.157	0.556	0.124	0.163
0.161	0.385	0.015	0.439
>TAGGGTTAGG	2-TAGGGTTAGG	10.296193	-167.782826	0	T:43.0(8.60%),B:32.7(0.07%),P:1e-72	Tpos:50.7,Tstd:25.4,Bpos:53.2,Bstd:55.4,StrandBias:1.8,Multiplicity:13.77
0.100	0.100	0.100	0.700
0.700	0.100	0.100	0.100
0.100	0.100	0.700	0.100
0.100	0.100	0.700	0.100
0.100	0.100	0.700	0.100
0.100	0.100	0.100	0.700
0.100	0.100	0.100	0.700
0.700	0.100	0.100	0.100
0.100	0.100	0.700	0.100
0.100	0.100	0.700	0.100
>CTTATCAGCC	3-CTTATCAGCC	6.037913	-123.785491	0	T:153.0(30.60%),B:3206.3(7.19%),P:1e-53	Tpos:55.6,Tstd:23.6,Bpos:51.3,Bstd:33.7,StrandBias:0.2,Multiplicity:1.06
0.040	0.699	0.142	0.119
0.077	0.312	0.127	0.484
0.049	0.068	0.154	0.729
0.578	0.037	0.229	0.156
0.091	0.112	0.087	0.710
0.096	0.824	0.001	0.079
0.677	0.040	0.155	0.128
0.001	0.097	0.846	0.056
0.040	0.808	0.113	0.039
0.093	0.652	0.098	0.157
>ACTGAAAAAC	4-ACTGAAAAAC	9.945424	-57.221730	0	T:18.0(3.60%),B:29.5(0.07%),P:1e-24	Tpos:48.2,Tstd:21.0,Bpos:58.3,Bstd:34.0,StrandBias:-0.2,Multiplicity:1.06
0.997	0.001	0.001	0.001
0.001	0.963	0.001	0.035
0.001	0.364	0.001	0.634
0.001	0.001	0.997	0.001
0.997	0.001	0.001	0.001
0.997	0.001	0.001	0.001
0.963	0.035	0.001	0.001
0.446	0.001	0.277	0.277
0.921	0.001	0.001	0.077
0.001	0.997	0.001	0.001
>CTTATCAGCA	5-CTTATCAGCA	7.620073	-44.501892	0	T:44.0(8.80%),B:685.0(1.54%),P:1e-19	Tpos:53.5,Tstd:27.4,Bpos:51.9,Bstd:34.4,StrandBias:0.3,Multiplicity:1.00
0.134	0.691	0.147	0.028
0.024	0.154	0.133	0.689
0.059	0.106	0.061	0.774
0.702	0.058	0.191	0.049
0.112	0.017	0.056	0.815
0.001	0.946	0.001	0.052
0.963	0.035	0.001	0.001
0.043	0.231	0.662	0.064
0.057	0.802	0.085	0.056
0.986	0.001	0.001	0.012
>GGAATATGGC	6-GGAATATGGC	11.646646	-40.852734	0	T:9.0(1.80%),B:4.7(0.01%),P:1e-17	Tpos:39.6,Tstd:17.1,Bpos:48.0,Bstd:23.2,StrandBias:0.0,Multiplicity:1.11
0.001	0.001	0.997	0.001
0.001	0.001	0.997	0.001
0.997	0.001	0.001	0.001
0.997	0.001	0.001	0.001
0.001	0.001	0.001	0.997
0.997	0.001	0.001	0.001
0.001	0.001	0.001	0.997
0.001	0.001	0.886	0.112
0.001	0.001	0.997	0.001
0.001	0.997	0.001	0.001
>AGATAAGKMA	7-AGATAAGKMA	12.384385	-31.696752	0	T:12.0(2.40%),B:35.5(0.08%),P:1e-13	Tpos:76.2,Tstd:10.1,Bpos:56.0,Bstd:0.0,StrandBias:-1.6,Multiplicity:1.00
0.997	0.001	0.001	0.001
0.001	0.001	0.997	0.001
0.987	0.001	0.011	0.001
0.001	0.001	0.001	0.997
0.982	0.005	0.012	0.001
0.997	0.001	0.001	0.001
0.001	0.001	0.997	0.001
0.018	0.001	0.531	0.450
0.451	0.537	0.001	0.011
0.997	0.001	0.001	0.001
>AAAATGACGA	8-AAAATGACGA	8.553973	-30.622908	0	T:18.0(3.60%),B:135.6(0.30%),P:1e-13	Tpos:52.0,Tstd:28.3,Bpos:51.6,Bstd:28.7,StrandBias:0.2,Multiplicity:1.44
0.997	0.001	0.001	0.001
0.736	0.262	0.001	0.001
0.997	0.001	0.001	0.001
0.949	0.049	0.001	0.001
0.001	0.001	0.001	0.997
0.001	0.001	0.997	0.001
0.952	0.001	0.001	0.046
0.244	0.687	0.068	0.001
0.312	0.001	0.686	0.001
0.997	0.001	0.001	0.001
>AGATAAGVNGDS	1-AGATAAGVNGDS	7.468860	-340.661338	0	T:167.0(33.40%),B:915.7(2.05%),P:1e-147	Tpos:48.3,Tstd:22.9,Bpos:51.2,Bstd:35.4,StrandBias:-0.0,Multiplicity:1.11
0.617	0.124	0.001	0.258
0.001	0.001	0.997	0.001
0.997	0.001	0.001	0.001
0.121	0.003	0.001	0.875
0.990	0.001	0.001	0.008
0.997	0.001	0.001	0.001
0.001	0.124	0.874	0.001
0.255	0.365	0.252	0.127
0.244	0.246	0.249	0.261
0.137	0.246	0.492	0.125
0.252	0.128	0.371	0.249
0.003	0.371	0.499	0.127
>TAGGGTTAGGGT	2-TAGGGTTAGGGT	16.590433	-213.489552	0	T:43.0(8.60%),B:11.7(0.03%),P:1e-92	Tpos:50.7,Tstd:24.8,Bpos:41.2,Bstd:65.6,StrandBias:1.9,Multiplicity:12.98
0.001	0.001	0.001	0.997
0.997	0.001	0.001	0.001
0.001	0.001	0.997	0.001
0.001	0.001	0.997	0.001
0.001	0.001	0.997	0.001
0.003	0.001	0.001	0.995
0.001	0.001	0.001	0.997
0.997	0.001	0.001	0.001
0.003	0.001	0.995	0.001
0.001	0.001	0.997	0.001
0.001	0.001	0.992	0.006
0.001	0.001	0.001	0.997
>TATCTTATCAGC	3-TATCTTATCAGC	8.068415	-187.376507	0	T:85.0(17.00%),B:363.9(0.82%),P:1e-81	Tpos:54.3,Tstd:24.2,Bpos:50.4,Bstd:35.7,StrandBias:0.6,Multiplicity:1.06
0.150	0.115	0.153	0.582
0.470	0.265	0.093	0.172
0.051	0.076	0.134	0.739
0.032	0.761	0.131	0.076
0.001	0.111	0.001	0.887
0.096	0.039	0.092	0.773
0.802	0.070	0.095	0.033
0.076	0.057	0.038	0.829
0.038	0.905	0.019	0.038
0.809	0.019	0.019	0.153
0.057	0.134	0.751	0.058
0.001	0.696	0.153	0.150
>TGAAAAATGAGA	4-TGAAAAATGAGA	13.031247	-65.710020	0	T:12.0(2.40%),B:2.1(0.00%),P:1e-28	Tpos:52.5,Tstd:22.8,Bpos:40.0,Bstd:9.5,StrandBias:0.0,Multiplicity:1.67
0.001	0.113	0.001	0.885
0.001	0.001	0.997	0.001
0.759	0.001	0.239	0.001
0.997	0.001	0.001	0.001
0.997	0.001	0.001	0.001
0.885	0.113	0.001	0.001
0.997	0.001	0.001	0.001
0.001	0.387	0.001	0.611
0.001	0.001	0.997	0.001
0.612	0.001	0.001	0.386
0.115	0.247	0.524	0.114
0.753	0.001	0.245	0.001
>MACTGAAAATCA	5-MACTGAAAATCA	13.475994	-60.854541	0	T:12.0(2.40%),B:3.6(0.01%),P:1e-26	Tpos:48.3,Tstd:21.3,Bpos:30.1,Bstd:24.2,StrandBias:0.2,Multiplicity:1.08
0.424	0.486	0.001	0.090
0.997	0.001	0.001	0.001
0.001	0.997	0.001	0.001
0.001	0.001	0.001	0.997
0.001	0.001	0.997	0.001
0.997	0.001	0.001	0.001
0.997	0.001	0.001	0.001
0.997	0.001	0.001	0.001
0.997	0.001	0.001	0.001
0.306	0.001	0.090	0.603
0.001	0.997	0.001	0.001
0.997	0.001	0.001	0.001
>AATATGGCGAGA	6-AATATGGCGAGA	12.878951	-59.405304	0	T:11.0(2.20%),B:2.0(0.00%),P:1e-25	Tpos:38.2,Tstd:24.2,Bpos:18.1,Bstd:5.4,StrandBias:0.7,Multiplicity:1.18
0.689	0.001	0.309	0.001
0.689	0.309	0.001	0.001
0.001	0.001	0.001	0.997
0.689	0.309	0.001	0.001
0.001	0.001	0.001	0.997
0.001	0.001	0.689	0.309
0.001	0.001	0.997	0.001
0.315	0.683	0.001	0.001
0.346	0.001	0.652	0.001
0.997	0.001	0.001	0.001
0.001	0.005	0.993	0.001
0.997	0.001	0.001	0.001
>TCMTWGTAWCTS	7-TCMTWGTAWCTS	13.761375	-40.011302	0	T:7.0(1.40%),B:1.0(0.00%),P:1e-17	Tpos:42.9,Tstd:28.7,Bpos:52.3,Bstd:10.5,StrandBias:0.4,Multiplicity:1.00
0.001	0.001	0.001	0.997
0.001	0.997	0.001	0.001
0.549	0.449	0.001	0.001
0.001	0.001	0.049	0.949
0.449	0.001	0.001	0.549
0.001	0.001	0.997	0.001
0.001	0.001	0.001	0.997
0.997	0.001	0.001	0.001
0.549	0.001	0.001	0.449
0.001	0.997	0.001	0.001
0.001	0.001	0.001	0.997
0.001	0.549	0.449	0.001
>TCTAATCTGTTC	8-TCTAATCTGTTC	9.297726	-16.710569	0	T:7.0(1.40%),B:29.3(0.07%),P:1e-7	Tpos:50.7,Tstd:28.7,Bpos:40.5,Bstd:38.1,StrandBias:2.3,Multiplicity:1.00
0.001	0.001	0.001	0.997
0.001	0.997	0.001	0.001
0.001	0.001	0.001	0.997
0.997	0.001	0.001	0.001
0.997	0.001	0.001	0.001
0.001	0.001	0.001	0.997
0.001	0.997	0.001	0.001
0.001	0.001	0.001	0.997
0.174	0.001	0.818	0.007
0.181	0.001	0.001	0.817
0.001	0.001	0.001	0.997
0.001	0.997	0.001	0.001
>CAGATAAG	1-CAGATAAG	5.416200	-455.754352	0	T:237.0(47.40%),B:1599.1(3.59%),P:1e-197	Tpos:49.5,Tstd:24.3,Bpos:51.6,Bstd:38.9,StrandBias:-0.0,Multiplicity:1.24
0.132	0.608	0.227	0.033
0.705	0.023	0.001	0.271
0.001	0.001	0.997	0.001
0.997	0.001	0.001	0.001
0.001	0.001	0.001	0.997
0.992	0.001	0.001	0.006
0.992	0.001	0.006	0.001
0.011	0.022	0.966	0.001
>TGATAACA	2-TGATAACA	3.364351	-220.443022	0	T:202.0(40.40%),B:3196.4(7.17%),P:1e-95	Tpos:45.2,Tstd:25.7,Bpos:49.6,Bstd:39.4,StrandBias:-0.6,Multiplicity:1.15
0.295	0.001	0.001	0.703
0.001	0.001	0.997	0.001
0.997	0.001	0.001	0.001
0.001	0.001	0.001	0.997
0.997	0.001	0.001	0.001
0.993	0.001	0.005	0.001
0.109	0.701	0.004	0.186
0.683	0.188	0.125	0.004
>TAGGGTTA	3-TAGGGTTA	8.236954	-106.171778	0	T:44.0(8.80%),B:149.8(0.34%),P:1e-46	Tpos:50.9,Tstd:26.0,Bpos:52.4,Bstd:53.0,StrandBias:1.8,Multiplicity:13.89
0.100	0.100	0.100	0.700
0.700	0.100	0.100	0.100
0.100	0.100	0.700	0.100
0.100	0.100	0.700	0.100
0.100	0.100	0.700	0.100
0.100	0.100	0.100	0.700
0.100	0.100	0.100	0.700
0.700	0.100	0.100	0.100
>TGACAGGC	4-TGACAGGC	6.979399	-53.484070	0	T:81.0(16.20%),B:1951.9(4.38%),P:1e-23	Tpos:53.7,Tstd:27.3,Bpos:49.0,Bstd:31.8,StrandBias:0.4,Multiplicity:1.05
0.001	0.001	0.001	0.997
0.031	0.045	0.923	0.001
0.997	0.001	0.001	0.001
0.001	0.837	0.103	0.059
0.997	0.001	0.001	0.001
0.036	0.001	0.962	0.001
0.042	0.050	0.801	0.107
0.019	0.749	0.208	0.024
>TCAAGTGG	5-TCAAGTGG	6.865310	-30.028625	0	T:33.0(6.60%),B:585.4(1.31%),P:1e-13	Tpos:52.7,Tstd:30.1,Bpos:49.2,Bstd:33.5,StrandBias:-0.2,Multiplicity:1.16
0.001	0.001	0.001	0.997
0.001	0.810	0.188	0.001
0.997	0.001	0.001	0.001
0.997	0.001	0.001	0.001
0.001	0.001	0.997	0.001
0.001	0.029	0.001	0.969
0.001	0.290	0.708	0.001
0.001	0.053	0.890	0.056
>AMTGAAAA	6-AMTGAAAA	8.343955	-25.030778	0	T:26.0(5.20%),B:438.1(0.98%),P:1e-10	Tpos:48.1,Tstd:25.7,Bpos:51.6,Bstd:31.2,StrandBias:0.1,Multiplicity:1.65
0.880	0.001	0.118	0.001
0.504	0.494	0.001	0.001
0.046	0.144	0.001	0.809
0.001	0.001	0.940	0.058
0.742	0.081	0.033	0.144
0.495	0.081	0.299	0.125
0.918	0.001	0.080	0.001
0.934	0.034	0.031	0.001
>GATTAGAT	7-GATTAGAT	8.236954	-23.413905	0	T:12.0(2.40%),B:72.6(0.16%),P:1e-10	Tpos:52.0,Tstd:25.0,Bpos:51.4,Bstd:43.7,StrandBias:-1.7,Multiplicity:2.89
0.100	0.100	0.700	0.100
0.700	0.100	0.100	0.100
0.100	0.100	0.100	0.700
0.100	0.100	0.100	0.700
0.700	0.100	0.100	0.100
0.100	0.100	0.700	0.100
0.700	0.100	0.100	0.100
0.100	0.100	0.100	0.700
>AATATGGC	8-AATATGGC	8.131859	-19.966833	0	T:13.0(2.60%),B:121.2(0.27%),P:1e-8	Tpos:41.7,Tstd:25.1,Bpos:52.3,Bstd:32.2,StrandBias:0.6,Multiplicity:1.15
0.997	0.001	0.001	0.001
0.997	0.001	0.001	0.001
0.001	0.001	0.001	0.997
0.997	0.001	0.001	0.001
0.001	0.001	0.001	0.997
0.001	0.071	0.875	0.053
0.001	0.001	0.997	0.001
0.001	0.997	0.001	0.001
