>AGATAAGVNGDS	1-AGATAAGVNGDS	7.468860	-340.661338	0	T:167.0(33.40%),B:915.7(2.05%),P:1e-147	Tpos:48.3,Tstd:22.9,Bpos:51.2,Bstd:35.4,StrandBias:-0.0,Multiplicity:1.11
0.617	0.124	0.001	0.258
0.001	0.001	0.997	0.001
0.997	0.001	0.001	0.001
0.121	0.003	0.001	0.875
0.990	0.001	0.001	0.008
0.997	0.001	0.001	0.001
0.001	0.124	0.874	0.001
0.255	0.365	0.252	0.127
0.244	0.246	0.249	0.261
0.137	0.246	0.492	0.125
0.252	0.128	0.371	0.249
0.003	0.371	0.499	0.127
>TAGGGTTAGGGT	2-TAGGGTTAGGGT	16.590433	-213.489552	0	T:43.0(8.60%),B:11.7(0.03%),P:1e-92	Tpos:50.7,Tstd:24.8,Bpos:41.2,Bstd:65.6,StrandBias:1.9,Multiplicity:12.98
0.001	0.001	0.001	0.997
0.997	0.001	0.001	0.001
0.001	0.001	0.997	0.001
0.001	0.001	0.997	0.001
0.001	0.001	0.997	0.001
0.003	0.001	0.001	0.995
0.001	0.001	0.001	0.997
0.997	0.001	0.001	0.001
0.003	0.001	0.995	0.001
0.001	0.001	0.997	0.001
0.001	0.001	0.992	0.006
0.001	0.001	0.001	0.997
>TATCTTATCAGC	3-TATCTTATCAGC	8.068415	-187.376507	0	T:85.0(17.00%),B:363.9(0.82%),P:1e-81	Tpos:54.3,Tstd:24.2,Bpos:50.4,Bstd:35.7,StrandBias:0.6,Multiplicity:1.06
0.150	0.115	0.153	0.582
0.470	0.265	0.093	0.172
0.051	0.076	0.134	0.739
0.032	0.761	0.131	0.076
0.001	0.111	0.001	0.887
0.096	0.039	0.092	0.773
0.802	0.070	0.095	0.033
0.076	0.057	0.038	0.829
0.038	0.905	0.019	0.038
0.809	0.019	0.019	0.153
0.057	0.134	0.751	0.058
0.001	0.696	0.153	0.150
>TGAAAAATGAGA	4-TGAAAAATGAGA	13.031247	-65.710020	0	T:12.0(2.40%),B:2.1(0.00%),P:1e-28	Tpos:52.5,Tstd:22.8,Bpos:40.0,Bstd:9.5,StrandBias:0.0,Multiplicity:1.67
0.001	0.113	0.001	0.885
0.001	0.001	0.997	0.001
0.759	0.001	0.239	0.001
0.997	0.001	0.001	0.001
0.997	0.001	0.001	0.001
0.885	0.113	0.001	0.001
0.997	0.001	0.001	0.001
0.001	0.387	0.001	0.611
0.001	0.001	0.997	0.001
0.612	0.001	0.001	0.386
0.115	0.247	0.524	0.114
0.753	0.001	0.245	0.001
>MACTGAAAATCA	5-MACTGAAAATCA	13.475994	-60.854541	0	T:12.0(2.40%),B:3.6(0.01%),P:1e-26	Tpos:48.3,Tstd:21.3,Bpos:30.1,Bstd:24.2,StrandBias:0.2,Multiplicity:1.08
0.424	0.486	0.001	0.090
0.997	0.001	0.001	0.001
0.001	0.997	0.001	0.001
0.001	0.001	0.001	0.997
0.001	0.001	0.997	0.001
0.997	0.001	0.001	0.001
0.997	0.001	0.001	0.001
0.997	0.001	0.001	0.001
0.997	0.001	0.001	0.001
0.306	0.001	0.090	0.603
0.001	0.997	0.001	0.001
0.997	0.001	0.001	0.001
>AATATGGCGAGA	6-AATATGGCGAGA	12.878951	-59.405304	0	T:11.0(2.20%),B:2.0(0.00%),P:1e-25	Tpos:38.2,Tstd:24.2,Bpos:18.1,Bstd:5.4,StrandBias:0.7,Multiplicity:1.18
0.689	0.001	0.309	0.001
0.689	0.309	0.001	0.001
0.001	0.001	0.001	0.997
0.689	0.309	0.001	0.001
0.001	0.001	0.001	0.997
0.001	0.001	0.689	0.309
0.001	0.001	0.997	0.001
0.315	0.683	0.001	0.001
0.346	0.001	0.652	0.001
0.997	0.001	0.001	0.001
0.001	0.005	0.993	0.001
0.997	0.001	0.001	0.001
>TCMTWGTAWCTS	7-TCMTWGTAWCTS	13.761375	-40.011302	0	T:7.0(1.40%),B:1.0(0.00%),P:1e-17	Tpos:42.9,Tstd:28.7,Bpos:52.3,Bstd:10.5,StrandBias:0.4,Multiplicity:1.00
0.001	0.001	0.001	0.997
0.001	0.997	0.001	0.001
0.549	0.449	0.001	0.001
0.001	0.001	0.049	0.949
0.449	0.001	0.001	0.549
0.001	0.001	0.997	0.001
0.001	0.001	0.001	0.997
0.997	0.001	0.001	0.001
0.549	0.001	0.001	0.449
0.001	0.997	0.001	0.001
0.001	0.001	0.001	0.997
0.001	0.549	0.449	0.001
>TCTAATCTGTTC	8-TCTAATCTGTTC	9.297726	-16.710569	0	T:7.0(1.40%),B:29.3(0.07%),P:1e-7	Tpos:50.7,Tstd:28.7,Bpos:40.5,Bstd:38.1,StrandBias:2.3,Multiplicity:1.00
0.001	0.001	0.001	0.997
0.001	0.997	0.001	0.001
0.001	0.001	0.001	0.997
0.997	0.001	0.001	0.001
0.997	0.001	0.001	0.001
0.001	0.001	0.001	0.997
0.001	0.997	0.001	0.001
0.001	0.001	0.001	0.997
0.174	0.001	0.818	0.007
0.181	0.001	0.001	0.817
0.001	0.001	0.001	0.997
0.001	0.997	0.001	0.001
