>CTTATCWGCY	1-CTTATCWGCY	4.325769	-420.703967	0	T:289.0(57.80%),B:3433.9(7.70%),P:1e-182	Tpos:49.4,Tstd:24.5,Bpos:50.4,Bstd:37.8,StrandBias:0.3,Multiplicity:1.40
0.001	0.551	0.389	0.059
0.001	0.001	0.001	0.997
0.137	0.001	0.001	0.861
0.997	0.001	0.001	0.001
0.001	0.001	0.001	0.997
0.001	0.997	0.001	0.001
0.397	0.001	0.165	0.437
0.144	0.292	0.461	0.102
0.157	0.556	0.124	0.163
0.161	0.385	0.015	0.439
>TAGGGTTAGG	2-TAGGGTTAGG	10.296193	-167.782826	0	T:43.0(8.60%),B:32.7(0.07%),P:1e-72	Tpos:50.7,Tstd:25.4,Bpos:53.2,Bstd:55.4,StrandBias:1.8,Multiplicity:13.77
0.100	0.100	0.100	0.700
0.700	0.100	0.100	0.100
0.100	0.100	0.700	0.100
0.100	0.100	0.700	0.100
0.100	0.100	0.700	0.100
0.100	0.100	0.100	0.700
0.100	0.100	0.100	0.700
0.700	0.100	0.100	0.100
0.100	0.100	0.700	0.100
0.100	0.100	0.700	0.100
>CTTATCAGCC	3-CTTATCAGCC	6.037913	-123.785491	0	T:153.0(30.60%),B:3206.3(7.19%),P:1e-53	Tpos:55.6,Tstd:23.6,Bpos:51.3,Bstd:33.7,StrandBias:0.2,Multiplicity:1.06
0.040	0.699	0.142	0.119
0.077	0.312	0.127	0.484
0.049	0.068	0.154	0.729
0.578	0.037	0.229	0.156
0.091	0.112	0.087	0.710
0.096	0.824	0.001	0.079
0.677	0.040	0.155	0.128
0.001	0.097	0.846	0.056
0.040	0.808	0.113	0.039
0.093	0.652	0.098	0.157
>ACTGAAAAAC	4-ACTGAAAAAC	9.945424	-57.221730	0	T:18.0(3.60%),B:29.5(0.07%),P:1e-24	Tpos:48.2,Tstd:21.0,Bpos:58.3,Bstd:34.0,StrandBias:-0.2,Multiplicity:1.06
0.997	0.001	0.001	0.001
0.001	0.963	0.001	0.035
0.001	0.364	0.001	0.634
0.001	0.001	0.997	0.001
0.997	0.001	0.001	0.001
0.997	0.001	0.001	0.001
0.963	0.035	0.001	0.001
0.446	0.001	0.277	0.277
0.921	0.001	0.001	0.077
0.001	0.997	0.001	0.001
>CTTATCAGCA	5-CTTATCAGCA	7.620073	-44.501892	0	T:44.0(8.80%),B:685.0(1.54%),P:1e-19	Tpos:53.5,Tstd:27.4,Bpos:51.9,Bstd:34.4,StrandBias:0.3,Multiplicity:1.00
0.134	0.691	0.147	0.028
0.024	0.154	0.133	0.689
0.059	0.106	0.061	0.774
0.702	0.058	0.191	0.049
0.112	0.017	0.056	0.815
0.001	0.946	0.001	0.052
0.963	0.035	0.001	0.001
0.043	0.231	0.662	0.064
0.057	0.802	0.085	0.056
0.986	0.001	0.001	0.012
>GGAATATGGC	6-GGAATATGGC	11.646646	-40.852734	0	T:9.0(1.80%),B:4.7(0.01%),P:1e-17	Tpos:39.6,Tstd:17.1,Bpos:48.0,Bstd:23.2,StrandBias:0.0,Multiplicity:1.11
0.001	0.001	0.997	0.001
0.001	0.001	0.997	0.001
0.997	0.001	0.001	0.001
0.997	0.001	0.001	0.001
0.001	0.001	0.001	0.997
0.997	0.001	0.001	0.001
0.001	0.001	0.001	0.997
0.001	0.001	0.886	0.112
0.001	0.001	0.997	0.001
0.001	0.997	0.001	0.001
>AGATAAGKMA	7-AGATAAGKMA	12.384385	-31.696752	0	T:12.0(2.40%),B:35.5(0.08%),P:1e-13	Tpos:76.2,Tstd:10.1,Bpos:56.0,Bstd:0.0,StrandBias:-1.6,Multiplicity:1.00
0.997	0.001	0.001	0.001
0.001	0.001	0.997	0.001
0.987	0.001	0.011	0.001
0.001	0.001	0.001	0.997
0.982	0.005	0.012	0.001
0.997	0.001	0.001	0.001
0.001	0.001	0.997	0.001
0.018	0.001	0.531	0.450
0.451	0.537	0.001	0.011
0.997	0.001	0.001	0.001
>AAAATGACGA	8-AAAATGACGA	8.553973	-30.622908	0	T:18.0(3.60%),B:135.6(0.30%),P:1e-13	Tpos:52.0,Tstd:28.3,Bpos:51.6,Bstd:28.7,StrandBias:0.2,Multiplicity:1.44
0.997	0.001	0.001	0.001
0.736	0.262	0.001	0.001
0.997	0.001	0.001	0.001
0.949	0.049	0.001	0.001
0.001	0.001	0.001	0.997
0.001	0.001	0.997	0.001
0.952	0.001	0.001	0.046
0.244	0.687	0.068	0.001
0.312	0.001	0.686	0.001
0.997	0.001	0.001	0.001
