>CAGATAAG	1-CAGATAAG	5.416200	-455.754352	0	T:237.0(47.40%),B:1599.1(3.59%),P:1e-197	Tpos:49.5,Tstd:24.3,Bpos:51.6,Bstd:38.9,StrandBias:-0.0,Multiplicity:1.24
0.132	0.608	0.227	0.033
0.705	0.023	0.001	0.271
0.001	0.001	0.997	0.001
0.997	0.001	0.001	0.001
0.001	0.001	0.001	0.997
0.992	0.001	0.001	0.006
0.992	0.001	0.006	0.001
0.011	0.022	0.966	0.001
>TGATAACA	2-TGATAACA	3.364351	-220.443022	0	T:202.0(40.40%),B:3196.4(7.17%),P:1e-95	Tpos:45.2,Tstd:25.7,Bpos:49.6,Bstd:39.4,StrandBias:-0.6,Multiplicity:1.15
0.295	0.001	0.001	0.703
0.001	0.001	0.997	0.001
0.997	0.001	0.001	0.001
0.001	0.001	0.001	0.997
0.997	0.001	0.001	0.001
0.993	0.001	0.005	0.001
0.109	0.701	0.004	0.186
0.683	0.188	0.125	0.004
>TAGGGTTA	3-TAGGGTTA	8.236954	-106.171778	0	T:44.0(8.80%),B:149.8(0.34%),P:1e-46	Tpos:50.9,Tstd:26.0,Bpos:52.4,Bstd:53.0,StrandBias:1.8,Multiplicity:13.89
0.100	0.100	0.100	0.700
0.700	0.100	0.100	0.100
0.100	0.100	0.700	0.100
0.100	0.100	0.700	0.100
0.100	0.100	0.700	0.100
0.100	0.100	0.100	0.700
0.100	0.100	0.100	0.700
0.700	0.100	0.100	0.100
>TGACAGGC	4-TGACAGGC	6.979399	-53.484070	0	T:81.0(16.20%),B:1951.9(4.38%),P:1e-23	Tpos:53.7,Tstd:27.3,Bpos:49.0,Bstd:31.8,StrandBias:0.4,Multiplicity:1.05
0.001	0.001	0.001	0.997
0.031	0.045	0.923	0.001
0.997	0.001	0.001	0.001
0.001	0.837	0.103	0.059
0.997	0.001	0.001	0.001
0.036	0.001	0.962	0.001
0.042	0.050	0.801	0.107
0.019	0.749	0.208	0.024
>TCAAGTGG	5-TCAAGTGG	6.865310	-30.028625	0	T:33.0(6.60%),B:585.4(1.31%),P:1e-13	Tpos:52.7,Tstd:30.1,Bpos:49.2,Bstd:33.5,StrandBias:-0.2,Multiplicity:1.16
0.001	0.001	0.001	0.997
0.001	0.810	0.188	0.001
0.997	0.001	0.001	0.001
0.997	0.001	0.001	0.001
0.001	0.001	0.997	0.001
0.001	0.029	0.001	0.969
0.001	0.290	0.708	0.001
0.001	0.053	0.890	0.056
>AMTGAAAA	6-AMTGAAAA	8.343955	-25.030778	0	T:26.0(5.20%),B:438.1(0.98%),P:1e-10	Tpos:48.1,Tstd:25.7,Bpos:51.6,Bstd:31.2,StrandBias:0.1,Multiplicity:1.65
0.880	0.001	0.118	0.001
0.504	0.494	0.001	0.001
0.046	0.144	0.001	0.809
0.001	0.001	0.940	0.058
0.742	0.081	0.033	0.144
0.495	0.081	0.299	0.125
0.918	0.001	0.080	0.001
0.934	0.034	0.031	0.001
>GATTAGAT	7-GATTAGAT	8.236954	-23.413905	0	T:12.0(2.40%),B:72.6(0.16%),P:1e-10	Tpos:52.0,Tstd:25.0,Bpos:51.4,Bstd:43.7,StrandBias:-1.7,Multiplicity:2.89
0.100	0.100	0.700	0.100
0.700	0.100	0.100	0.100
0.100	0.100	0.100	0.700
0.100	0.100	0.100	0.700
0.700	0.100	0.100	0.100
0.100	0.100	0.700	0.100
0.700	0.100	0.100	0.100
0.100	0.100	0.100	0.700
>AATATGGC	8-AATATGGC	8.131859	-19.966833	0	T:13.0(2.60%),B:121.2(0.27%),P:1e-8	Tpos:41.7,Tstd:25.1,Bpos:52.3,Bstd:32.2,StrandBias:0.6,Multiplicity:1.15
0.997	0.001	0.001	0.001
0.997	0.001	0.001	0.001
0.001	0.001	0.001	0.997
0.997	0.001	0.001	0.001
0.001	0.001	0.001	0.997
0.001	0.071	0.875	0.053
0.001	0.001	0.997	0.001
0.001	0.997	0.001	0.001
