# R script for Peak Model
#  -- generated by MACS
p <- c(0.0268511835779,0.0311911252075,0.0354781407196,0.0396240199186,0.0440168876656,0.0436993309609,0.0436287628044,0.0439286774698,0.0439816035873,0.0434523424129,0.0438581093133,0.0437875411567,0.0438404672741,0.0442991602919,0.0443520864093,0.0442285921353,0.044440296605,0.0442638762136,0.0442638762136,0.0444932227225,0.0448637055445,0.0453047565231,0.0453400406014,0.0456046711886,0.0453047565231,0.04578109158,0.0460810062455,0.0459575119714,0.0461692164412,0.0462927107152,0.0463809209109,0.0463279947935,0.0471748126724,0.0468219718895,0.0473865171422,0.047492369377,0.0476335056902,0.0478981362773,0.0475805795727,0.0477217158859,0.0474747273379,0.047739357925,0.046874898007,0.0471924547116,0.0476687897685,0.0482862611385,0.0476511477293,0.0478452101599,0.0479863464731,0.0483215452168,0.0482333350211,0.0481804089037,0.0487802382346,0.0492742153306,0.0488508063911,0.0482156929819,0.0489919427043,0.0485156076474,0.048833164352,0.0480392725905,0.0478275681208,0.0479510623948,0.0481274827862,0.0479510623948,0.0480216305514,0.0477922840425,0.0470513183984,0.0474041591813,0.0475629375336,0.0475805795727,0.0478628521991,0.0476864318076,0.0471042445158,0.047121886555,0.0472277387899,0.0473159489856,0.0475982216119,0.0475629375336,0.0471571706333,0.0479687044339,0.0481451248254,0.0480569146296,0.0482862611385,0.0482509770602,0.0485332496865,0.0487978802737,0.0487625961954,0.0488155223129,0.0489390165869,0.0484450394908,0.0486920280388,0.048709670078,0.0486743859997,0.0482862611385,0.0478275681208,0.0479157783165,0.0483039031777,0.0482509770602,0.0489037325086,0.0487978802737,0.0484097554125,0.0483568292951,0.0488684484303,0.0492742153306,0.0497681924267,0.0505091580707,0.0507737886579,0.0510737033234,0.0507561466188,0.051514754302,0.0520792995546,0.0526614868464,0.0519381632414,0.0515323963411,0.0515500383803,0.0505091580707,0.0502621695227,0.0500857491313,0.0500857491313,0.0495564879569,0.0494506357221,0.0495212038786,0.0498034765049,0.0500681070921,0.0502798115619,0.0510384192451,0.0512324816757,0.0516206065368,0.0512324816757,0.0519028791631,0.052255719946,0.0525203505332,0.0527144129638,0.052979043551,0.0523262881026,0.0524674244158,0.0524144982983,0.052132225672,0.0526085607289,0.0519734473197,0.0516206065368,0.0512324816757,0.0515323963411,0.05176174285,0.051514754302,0.0516558906151,0.0518675950849,0.0518323110066,0.051638248576,0.0522027938286,0.0520969415937,0.0521851517895,0.0524850664549,0.0529437594727,0.0536670830776,0.0534200945296,0.0532436741381,0.0532789582164,0.0539669977431,0.0540375658996,0.0540199238605,0.0539669977431,0.0538787875473,0.053473020647,0.0532613161773,0.053349526373,0.0534200945296,0.0537023671559,0.0539846397822,0.0542492703694,0.0547432474654,0.0549020258177,0.0547785315437,0.0542316283302,0.0543198385259,0.0542492703694,0.0545139009565,0.0542316283302,0.0543374805651,0.0538258614299,0.0535788728819,0.0539493557039,0.0539846397822,0.0546726793088,0.0546550372697,0.0547608895046,0.0548667417394,0.0555900653443,0.0550078780526,0.0553783608746,0.056154610597,0.0553254347572,0.0553960029138,0.0558723379707,0.0564545252624,0.0559252640881,0.0558546959315,0.0556782755401,0.0560840424404,0.0564545252624,0.0561193265187,0.0566838717713,0.0566133036147,0.056031116323,0.0563663150667,0.0575306896502,0.0582187291769,0.0584127916075,0.0585010018032,0.0582010871377,0.0581658030594,0.0580599508246,0.0587656323904,0.0584657177249,0.057865888394,0.0577776781983,0.0570014284759,0.0576365418851,0.0570543545933,0.0569132182802,0.0568779342019,0.057495405572,0.0574248374154,0.0580599508246,0.0579717406289,0.0576718259634,0.0577953202374,0.0575659737285,0.0579717406289,0.057865888394,0.0581658030594,0.0587303483121,0.0589773368601,0.0594007457996,0.0601240694045,0.0604592681482,0.0608473930094,0.0606886146571,0.0607062566963,0.0616236427318,0.0621705459453,0.0608473930094,0.0601417114436,0.0598594388173,0.0598770808565,0.0601417114436,0.0608826770877,0.0609885293226,0.0612355178706,0.0607415407745,0.0605827624222,0.0610061713617,0.0615707166143,0.0616765688492,0.0617294949666,0.0616942108883,0.0610767395183,0.0612355178706,0.0611296656357,0.0607062566963,0.0604416261091,0.0611296656357,0.0610943815574,0.0615177904969,0.0619411994364,0.0620999777887,0.062382250415,0.0621176198278,0.0627703752762,0.0639171078206,0.0641993804469,0.0640406020946,0.0642875906426,0.0642346645252,0.0638641817031,0.0639876759771,0.0638818237423,0.0647462836603,0.0645522212298,0.0651167664824,0.0647109995821,0.0651167664824,0.0654519652261,0.0649579881301,0.065187334639,0.0648521358952,0.0649227040518,0.0641817384077,0.0641111702511,0.0637759715074,0.0645345791906,0.0646757155038,0.0646757155038,0.0653461129913,0.0657518798916,0.0663693512616,0.0665104875748,0.0676219360409,0.0681511972152,0.068486395959,0.0696507705425,0.0717501732007,0.0732850306063,0.0748551720902,0.0769722167875,0.0793009659546,0.0829705100966,0.0860931510252,0.0894627805018,0.0927441997827,0.0946848240886,0.0967489426685,0.0978780331737,0.0996598791273,0.100489054967,0.101353514885,0.10124766265,0.101477009159,0.101106526337,0.101318230807,0.102659025782,0.101776923825,0.102747235978,0.103347065309,0.1035234857,0.103964536679,0.103893968522,0.104229167266,0.104035104835,0.103629337935,0.1031177188,0.1035234857,0.103276497152,0.102517889469,0.102570815586,0.10248260539,0.102941298408,0.102606099664,0.103029508604,0.103999820757,0.10454672397,0.104599650088,0.105005416988,0.105940445063,0.106258001767,0.106840189059,0.106663768668,0.106399138081,0.107669364899,0.106557916433,0.10641678012,0.106557916433,0.106946041294,0.107193029842,0.107545870625,0.107722291016,0.10867496113,0.110033398144,0.109045443952,0.109733483479,0.10950413697,0.109856977753,0.110156892418,0.110386238927,0.110509733201,0.11052737524,0.109874619792,0.109415926774,0.110015756105,0.110880216023,0.110897858062,0.111638823706,0.111497687393,0.112079874685,0.113314817425,0.11403814103,0.11507902134,0.11486731687,0.115043737261,0.115114305418,0.116208111845,0.116578594667,0.116666804863,0.116384532236,0.11610225961,0.115925839219,0.115855271062,0.117390128468,0.118060525955,0.118184020229,0.118325156542,0.117037287685,0.11754890682,0.117937031681,0.117654759055,0.117407770507,0.117601832937,0.117178423998,0.11693143545,0.117937031681,0.118272230425,0.120318706966,0.12104203057,0.121712428058,0.122629814093,0.122876802642,0.122806234485,0.122876802642,0.124411660047,0.123758904599,0.123053223033,0.123494274012,0.123564842168,0.122276973311,0.122259331271,0.123000296916,0.124499870243,0.124835068987,0.124041177225,0.124235239656,0.126017085609,0.124887995104,0.124993847339,0.126193506001,0.127499016897,0.12827526662,0.127975351954,0.127975351954,0.128363476815,0.128839811872,0.128292908659,0.128804527794,0.129404357125,0.130798078217,0.130921572491,0.13053344763,0.131309697353,0.132368219701,0.133479668167,0.134202991772,0.134555832555,0.136002479765,0.136955149879,0.13755497921,0.137025718035,0.137837251836,0.138260660776,0.138137166502,0.137466769014,0.137766683679,0.139354467202,0.139019268459,0.139760234103,0.139354467202,0.140183643042,0.140518841786,0.140448273629,0.140906966647,0.141647932291,0.142618244444,0.141718500448,0.143024011345,0.142794664836,0.143394494167,0.144400090398,0.14477057322,0.145141056042,0.145934947803,0.146287788586,0.146305430625,0.146781765682,0.146481851017,0.147328668896,0.147399237052,0.147258100739,0.147363952974,0.148369549205,0.149286935241,0.15013375312,0.150680656333,0.15053952002,0.151245201586,0.151298127703,0.152568354522,0.153027047539,0.154597189023,0.155197018354,0.156008552155,0.158213807048,0.159254687357,0.161071817389,0.161601078564,0.163559344909,0.164617867257,0.164900139884,0.165358832901,0.16539411698,0.165976304272,0.164917781923,0.165535253293,0.167175962933,0.168393263634,0.169081303161,0.168940166848,0.171868745346,0.172733205264,0.174814965883,0.174973744235,0.175679425801,0.175520647449,0.175961698427,0.17590877231,