# R script for Peak Model
#  -- generated by MACS
p <- c(0.0393123857665,0.0459611320539,0.051538939342,0.0576075936715,0.0628730437514,0.0618467272104,0.0605526759196,0.0598387165867,0.060463431003,0.060909655586,0.0599279615033,0.0592140021704,0.0588124000457,0.057830705963,0.059437114462,0.0605080534613,0.0617128598355,0.061935972127,0.0610435229609,0.0612666352525,0.0615343700023,0.061489747544,0.0626945539182,0.0643902073338,0.0633192683345,0.0623821967101,0.0622037068769,0.0634085132511,0.0630069111263,0.0620698395019,0.0628284212931,0.0634085132511,0.0628730437514,0.0627391763765,0.0624268191684,0.0624714416267,0.0615343700023,0.0611773903358,0.0607311657528,0.0625606865433,0.0615789924606,0.0615343700023,0.0611773903358,0.0604188085447,0.0610435229609,0.0616682373772,0.0609989005026,0.0597494716701,0.0606865432945,0.0599279615033,0.0601510737948,0.0606865432945,0.0627837988348,0.0632746458762,0.0630069111263,0.0636762480009,0.0649256768334,0.0656842586246,0.0656396361663,0.0653272789582,0.0649702992918,0.0645240747087,0.062962288668,0.0624268191684,0.0622483293352,0.0605972983779,0.0615789924606,0.0617574822938,0.0614451250857,0.0610435229609,0.0610435229609,0.0600172064199,0.0597048492118,0.0607311657528,0.0612220127942,0.0618021047521,0.0605972983779,0.060463431003,0.0607311657528,0.0600618288782,0.0597940941284,0.0600618288782,0.0605972983779,0.0612666352525,0.061935972127,0.0627837988348,0.0622929517935,0.060909655586,0.061489747544,0.0617128598355,0.0624714416267,0.0626945539182,0.0622483293352,0.0614005026274,0.0616682373772,0.0608204106694,0.0608650331277,0.0626499314599,0.0626945539182,0.063988605209,0.063542380626,0.0649256768334,0.0647471870002,0.0656842586246,0.0638547378341,0.0643455848755,0.0647918094585,0.064568697167,0.0639439827507,0.063988605209,0.0636316255426,0.0628730437514,0.0638993602924,0.0622483293352,0.0625606865433,0.0626499314599,0.0633192683345,0.0646579420836,0.0654165238748,0.0649702992918,0.0655057687914,0.0644348297921,0.0636316255426,0.0643902073338,0.0654611463331,0.065148789125,0.0646579420836,0.0626945539182,0.0627837988348,0.0621590844186,0.0622929517935,0.0628284212931,0.0636762480009,0.0627837988348,0.0621590844186,0.0620698395019,0.0608650331277,0.0618021047521,0.0612220127942,0.0614005026274,0.0608650331277,0.0603295636281,0.0605526759196,0.0609989005026,0.0612220127942,0.0616682373772,0.0627837988348,0.0624268191684,0.0617128598355,0.0613112577108,0.0620698395019,0.0626945539182,0.0634531357094,0.0634085132511,0.062516064085,0.0629176662097,0.0642563399589,0.0627837988348,0.0637208704592,0.0653272789582,0.0659966158328,0.0656396361663,0.0652826564999,0.065148789125,0.0663982179575,0.0652826564999,0.0637654929175,0.0649256768334,0.0655057687914,0.0647471870002,0.0643902073338,0.0653719014165,0.0648810543751,0.0649702992918,0.0644348297921,0.0658181259995,0.066175105666,0.0653719014165,0.0644348297921,0.0638101153758,0.0637654929175,0.0630069111263,0.0627837988348,0.0628730437514,0.0639439827507,0.0633638907928,0.0638993602924,0.0648364319168,0.065148789125,0.0652380340416,0.0650595442084,0.0654165238748,0.0661304832077,0.065595013708,0.0657288810829,0.0654165238748,0.0649256768334,0.0651934115833,0.0653719014165,0.0663535954992,0.0667998200822,0.0667105751656,0.0663535954992,0.0673352895819,0.066175105666,0.0657288810829,0.0655503912497,0.0650149217501,0.0646579420836,0.064122472584,0.0636316255426,0.0637208704592,0.0632746458762,0.0631407785013,0.0634531357094,0.0650149217501,0.0655057687914,0.0663982179575,0.0665767077907,0.0661304832077,0.0669783099155,0.0665320853324,0.0658627484578,0.0647471870002,0.0653272789582,0.0647025645419,0.064568697167,0.0641670950423,0.0647025645419,0.0648810543751,0.0643455848755,0.0651041666667,0.065148789125,0.0665767077907,0.0672460446653,0.0671567997487,0.0668890649989,0.067201422207,0.0673799120402,0.0680046264565,0.0675137794151,0.0676030243317,0.0679153815399,0.0688524531643,0.0683169836646,0.0689416980809,0.0698787697053,0.0707265964131,0.0700572595385,0.069834147247,0.0688970756226,0.0685400959561,0.0700126370802,0.0691201879141,0.0685847184144,0.0679153815399,0.067201422207,0.0667551976239,0.0670675548321,0.067201422207,0.0687185857894,0.0695664124971,0.0683169836646,0.0679153815399,0.0684508510395,0.068227738748,0.068227738748,0.0685400959561,0.0684954734978,0.0684508510395,0.0685400959561,0.069254055289,0.0704142392049,0.0704588616632,0.0706373514965,0.0717529129541,0.0722437599954,0.0730915867032,0.0738947909527,0.0743410155358,0.0748318625771,0.073493188828,0.0731808316198,0.0735824337446,0.0738055460361,0.0742071481608,0.0742517706191,0.0726007396619,0.0717082904958,0.0720652701622,0.071886780329,0.0722437599954,0.0720652701622,0.0721545150788,0.0723776273703,0.071886780329,0.0716190455792,0.0720652701622,0.07291309687,0.0738055460361,0.0740732807859,0.0759028015764,0.0777323223669,0.0794279757825,0.080231180032,0.0822391906557,0.0847826707791,0.0864783241947,0.0883524674435,0.0901373657756,0.0907620801919,0.0919668865661,0.0926362234407,0.0928147132739,0.0929485806488,0.092234621316,0.0933948052319,0.0944211217729,0.0945549891478,0.0945996116061,0.0966076222298,0.0964737548549,0.0961613976468,0.0960275302719,0.0965183773132,0.0966522446881,0.09633988748,0.0966076222298,0.0970984692712,0.0959829078136,0.0956259281471,0.0950904586475,0.0955813056888,0.0963845099383,0.0972769591044,0.0979909184373,0.0977678061458,0.0975893163125,0.0986602553119,0.0995080820196,0.100043551519,0.100846755769,0.101739204935,0.101292980352,0.101783827393,0.10214080706,0.102274674435,0.102676276559,0.101426847727,0.102676276559,0.101917694768,0.101159112977,0.10106986806,0.101025245602,0.100668265936,0.100936000685,0.100311286269,0.0992849697281,0.0995080820196,0.0967414896048,0.0979909184373,0.0988833676034,0.0992403472698,0.100712888394,0.100177418894,0.0997758167695,0.100534398561,0.100936000685,0.100489776102,0.101828449851,0.101962317226,0.10133760281,0.100355908727,0.100623643477,0.10106986806,0.10133760281,0.101248357894,0.102274674435,0.103881082934,0.104862777016,0.103300990976,0.103390235892,0.103390235892,0.103479480809,0.103033256226,0.104148817683,0.104952021933,0.103479480809,0.103345613434,0.102319296893,0.10343485835,0.104416552433,0.105621358807,0.105710603724,0.107183144848,0.106290695682,0.105398246516,0.106379940599,0.105978338474,0.107004655015,0.105844471099,0.104907399475,0.104327307517,0.1042380626,0.102899388851,0.102899388851,0.102988633767,0.103345613434,0.103167123601,0.103747215559,0.105398246516,0.106246073224,0.105889093557,0.104550419808,0.104327307517,0.1047735321,0.104996644391,0.1047735321,0.105041266849,0.103256368517,0.1037025931,0.103211746059,0.103211746059,0.104193440142,0.105130511766,0.104416552433,0.103881082934,0.103256368517,0.101560715102,0.102453164268,0.101739204935,0.102854766393,0.10343485835,0.102810143934,0.103122501142,0.104550419808,0.105353624058,0.107183144848,0.110440584304,0.111065298721,0.111020676262,0.110217472013,0.110083604638,0.112314727553,0.113207176719,0.113876513594,0.114322738177,0.11423349326,0.113430289011,0.113831891135,0.113787268677,0.11423349326,0.114456605552,0.114099625885,0.113430289011,0.111779258053,0.112270105095,0.111556145762,0.11133303347,0.111065298721,0.110663696596,0.11133303347,0.112091615262,0.111109921179,0.111779258053,0.113341044094,0.113519533927,0.114188870802,0.114322738177,0.114099625885,0.115616789468,0.115661411926,0.116330748801,0.117044708133,0.116643106009,0.116286126342,0.116643106009,0.1179371573,0.117803289925,0.118874228924,0.117892534841,0.117624800091,0.116107636509,0.116063014051,0.117624800091,0.118115647133,0.118026402216,0.115884524218,0.116286126342,0.115929146676,0.11713395305,0.117267820425,0.118472626799,0.119008096299,0.117446310258,0.117624800091,0.117714045008,0.119365075965,0.11949894334,0.121640821339,0.122265535755,0.123470342129,0.124809015878,0.124452036212,0.12529986292,0.125165995545,0.126013822253,0.126013822253,0.127263251085,0.126727781586,