>AGCCACTCAAGA	2-AGCCACTCAAGA	7.394084	-132.876083	0	T:115.0(23.00%),B:1649.3(3.49%),P:1e-57
0.566	0.001	0.165	0.268
0.122	0.121	0.625	0.132
0.089	0.525	0.254	0.132
0.001	0.954	0.044	0.001
0.674	0.045	0.001	0.280
0.001	0.921	0.077	0.001
0.001	0.001	0.033	0.965
0.001	0.658	0.044	0.297
0.488	0.289	0.178	0.045
0.867	0.001	0.088	0.044
0.044	0.164	0.748	0.044
0.420	0.132	0.213	0.235
