>GCTGTCAGCACC	4-GCTGTCAGCACC	6.818028	-95.155986	0	T:119.0(23.80%),B:2602.0(5.51%),P:1e-41
0.088	0.168	0.612	0.132
0.064	0.837	0.027	0.072
0.069	0.044	0.027	0.860
0.089	0.141	0.743	0.027
0.158	0.041	0.044	0.757
0.027	0.888	0.058	0.027
0.872	0.018	0.055	0.055
0.091	0.075	0.717	0.117
0.079	0.780	0.086	0.055
0.729	0.141	0.036	0.094
0.084	0.647	0.209	0.060
0.119	0.562	0.102	0.217
