# R script for Peak Model
#  -- generated by MACS
p <- c(0.0278322785588,0.032722820278,0.0374971334005,0.0418959387493,0.046643429888,0.0464556760012,0.0471083442745,0.0473408014677,0.0474927927094,0.0476626652737,0.0478772411444,0.0477341905639,0.0476358432899,0.0476984279188,0.047448089403,0.0473855047741,0.0467864804685,0.0467864804685,0.0465361419527,0.0463305067433,0.0458030077279,0.0458119483891,0.0460086429373,0.0459281769858,0.0461338121952,0.0464020320335,0.0467596584846,0.0465361419527,0.0471172849357,0.0471351662583,0.0479487664346,0.0480292323861,0.047769953209,0.0485656720628,0.048637197353,0.0487355446271,0.0487087226433,0.048377918176,0.0479845290797,0.0478414784993,0.0478951224669,0.0476626652737,0.0477967751929,0.0475821993222,0.0476000806448,0.0471798695647,0.0470010563391,0.0473944454354,0.0473408014677,0.047769953209,0.0471172849357,0.0472513948549,0.0471709289034,0.0467328365008,0.0465003793076,0.0466791925331,0.0465987265816,0.0468133024523,0.0471530475809,0.0464020320335,0.046482497985,0.0467328365008,0.0463305067433,0.0467238958395,0.0471619882421,0.0471709289034,0.0471619882421,0.0466523705493,0.0466076672429,0.0470815222906,0.0471977508872,0.0468222431136,0.0474749113869,0.0474212674192,0.0468758870812,0.0471619882421,0.0472692761775,0.0473408014677,0.0476179619673,0.0478683004831,0.0477341905639,0.0480381730474,0.0478861818057,0.0479040631282,0.0481812236278,0.047609021306,0.0478951224669,0.0484583841275,0.0481454609827,0.0479666477572,0.0480649950312,0.047832537838,0.0477520718865,0.0481991049504,0.0483421555308,0.0487087226433,0.0485746127241,0.0485299094177,0.0484226214824,0.0485746127241,0.0488517732237,0.048860713885,0.0489411798365,0.0483421555308,0.0481633423053,0.0482348675955,0.0481275796602,0.0478057158542,0.0478146565154,0.0475017333707,0.0472871575,0.047671605935,0.047832537838,0.0479398257733,0.0481365203215,0.0482438082568,0.0477967751929,0.0477073685801,0.0476179619673,0.0479666477572,0.0478057158542,0.0475553773384,0.0474570300643,0.0472692761775,0.0469295310489,0.0467238958395,0.0473676234515,0.0474391487418,0.0474391487418,0.0475732586609,0.0477878345316,0.0475732586609,0.0476447839512,0.0480292323861,0.048377918176,0.0480292323861,0.0481991049504,0.0487176633045,0.0489411798365,0.0489232985139,0.0488249512399,0.0488517732237,0.0488785952075,0.0488785952075,0.0488964765301,0.0495133821583,0.0493613909166,0.0492272809974,0.0491468150459,0.0488428325624,0.0492004590136,0.0496117294323,0.0497726613354,0.049504441497,0.0493256282714,0.0490931710782,0.0491110524008,0.0488070699173,0.0490842304169,0.0492362216587,0.0491557557072,0.0491468150459,0.0492183403361,0.0491021117395,0.0492630436425,0.0491646963684,0.0493345689327,0.0494239755455,0.0494507975293,0.0494865601745,0.0495312634808,0.049343509594,0.0492988062876,0.0494329162068,0.0492809249651,0.049727958029,0.0495938481098,0.0499067712545,0.0498710086094,0.0499246525771,0.0504253296087,0.0506041428342,0.0504610922538,0.0508008373823,0.0509081253177,0.051176345156,0.0514266836718,0.0511316418496,0.0514624463169,0.0514177430105,0.0513909210267,0.0511048198658,0.0514535056556,0.0512836330914,0.0516502002038,0.0511048198658,0.0511316418496,0.0512568111075,0.0508187187049,0.0509796506079,0.0506846087857,0.0513909210267,0.0512568111075,0.051399861688,0.0512299891237,0.0510601165594,0.0509707099466,0.0512568111075,0.0512657517688,0.0512031671399,0.0510958792045,0.0506130834955,0.0509885912692,0.0512299891237,0.0511942264786,0.051882657397,0.0521419365741,0.0522134618643,0.0528393081537,0.0525174443477,0.0526336729444,0.0529734180729,0.0526962575733,0.0527677828635,0.0530002400568,0.0528303674925,0.0528214268312,0.053009180718,0.0530002400568,0.0533042225402,0.0533757478304,0.0534830357658,0.0534293917981,0.0537691369267,0.0539121875071,0.0539300688297,0.0538406622169,0.0539568908135,0.0536976116364,0.0540105347812,0.0545022711515,0.0543949832161,0.0544575678451,0.0541267633778,0.0538943061846,0.0540015941199,0.0544039238774,0.0541178227165,0.0542876952808,0.0544754491676,0.0541357040391,0.0547257876834,0.0549761261992,0.0551549394248,0.0556913791015,0.056254640762,0.0559595989398,0.0563976913424,0.0563082847297,0.0561294715041,0.0564334539876,0.0563976913424,0.0564334539876,0.0562278187782,0.0559774802624,0.0559774802624,0.0561026495203,0.0561026495203,0.0562993440684,0.0565586232455,0.0564870979552,0.0563261660522,0.0566748518421,0.057121884906,0.0568447244064,0.0567463771323,0.0572559948251,0.0570682409383,0.0573901047443,0.0578281971469,0.0579712477274,0.0580785356627,0.0580606543402,0.0580248916951,0.0589815424518,0.0594553974996,0.0592229403063,0.0593838722093,0.059759379983,0.0596163294026,0.0600544218052,0.0607160307398,0.0609037846266,0.0608411999977,0.06078755603,0.0604746328853,0.0612614110777,0.0618514947221,0.0619677233187,0.0627902641563,0.0634071697845,0.0644800491379,0.0662950033773,0.068244067536,0.0697729206145,0.0720796112243,0.0735011763675,0.0758346889611,0.0772741354269,0.0792321402468,0.0805642987772,0.0814226022599,0.0818785759851,0.0826385321938,0.0837292928697,0.0841495039498,0.0847932315618,0.0844803084171,0.0849899261099,0.0850167480937,0.0855174251253,0.08583034827,0.0856604757058,0.0863131439791,0.0862326780276,0.0862863219952,0.086697592414,0.0876900058159,0.0883158521054,0.0882800894603,0.0884946653309,0.0890847489753,0.0901129250223,0.0903632635381,0.0905510174249,0.0907566526343,0.0906672460215,0.0900592810546,0.0898447051839,0.0901844503125,0.0905688987475,0.090041399732,0.0897105952648,0.0893172061685,0.0898983491516,0.0900592810546,0.0899698744418,0.0908371185858,0.0912662703272,0.091614956117,0.0915970747944,0.0921156331486,0.0925626662125,0.0930096992764,0.0935371982918,0.0938411807753,0.093769655485,0.0933852070501,0.0934924949854,0.0939395280493,0.0940199940008,0.0940557566459,0.0944491457422,0.0946637216128,0.0949677040963,0.0946011369839,0.0949677040963,0.0952448645959,0.0960048208046,0.0960316427884,0.0965054978361,0.0968631242873,0.0970061748677,0.0980075289309,0.0980075289309,0.0988121884459,0.0997688392027,0.10066290533,0.100439388799,0.101145701039,0.10163743741,0.101646378071,0.10212917378,0.101583793442,0.1014318022,0.10220069907,0.102656672795,0.102978536602,0.103541798262,0.104033534632,0.104498449019,0.105517684404,0.106340225242,0.107127003435,0.107904840966,0.107878018982,0.107922722288,0.107949544272,0.108789966432,0.109380050077,0.109299584125,0.109585685286,0.109290643464,0.10919229619,0.109317465448,0.109648269915,0.110363522817,0.11073008993,0.111078775719,0.111266529606,0.111954960525,0.112857967314,0.113573220216,0.114243769812,0.115593809665,0.116621985712,0.116648807696,0.117498170517,0.118177660774,0.1186336345,0.119304184095,0.119849564433,0.120520114029,0.120958206432,0.121002909738,0.121441002141,0.122102611075,0.122200958349,0.122701635381,0.12262116943,0.12269269472,0.122665872736,0.122934092574,0.124078497218,0.124427183008,0.125061969958,0.125795104183,0.12647459444,0.126564001053,0.127627939745,0.127896159584,0.128119676116,0.128861751002,0.12975581713,0.131052213015,0.13143666145,0.131946279143,0.132911870561,0.134056275204,0.134485426946,0.134995044638,0.136237796556,0.136872583507,0.137185506652,0.137409023184,0.138231564021,0.138964698246,0.139536900568,0.139823001729,0.140386263389,0.142138633,0.142469437467,0.142737657305,0.143309859627,0.144329095013,0.144570492867,0.145384093044,0.146331803139,0.14731527588,0.14864743441,0.149237518055,0.150802133778,0.152617088018,0.1534753915,0.154065475145,0.156148649223,0.15739140114,0.158079832059,0.159617625798,0.160368641346,0.161593511941,0.162460756085,0.163283296922,0.164445582889,0.165482699597,0.166224774483,0.167458585739,0.168754981625,0.169613285107,0.170802393057,0.172134551588,0.173171668296,0.174333954262,0.176256196437,0.177668820919,0.179063564078,0.180771230383,0.181844109736,0.182916989089,0.184284910265,0.186198211778,0.188209860566,0.190069518112,0.191392735981,0.193297096833,0.195210398347,0.196712429441,0.199028060712,