# R script for Peak Model
#  -- generated by MACS
p <- c(0.0372508785008,0.0432945641269,0.0497604189696,0.0561262863663,0.0625143731954,0.0622366302898,0.062003326249,0.0622033011411,0.0622810691547,0.0620144359653,0.0615922667487,0.0617144736272,0.0618700096543,0.0620366553977,0.0615700473163,0.0611478780997,0.0612367558295,0.0609256837753,0.0610478906537,0.061803351357,0.0625143731954,0.0627698966685,0.0622699594384,0.0628365549659,0.0631254075877,0.0634253699258,0.0635809059529,0.0635031379393,0.0630143104255,0.0626587995063,0.0623255080195,0.0622366302898,0.0620255456815,0.0614478404378,0.061258975262,0.0610923295186,0.0608812449104,0.0609034643428,0.0614922793027,0.0618144610732,0.0622033011411,0.0623921663169,0.0625921412089,0.0621588622762,0.0626699092225,0.062892103547,0.0627587869523,0.0630143104255,0.0628365549659,0.0623588371682,0.0625921412089,0.0626587995063,0.0622366302898,0.0627810063848,0.0620922039788,0.0623810566007,0.0628365549659,0.0626476897901,0.062992090993,0.0629143229794,0.0623143983033,0.0614145112891,0.0623921663169,0.062003326249,0.0623143983033,0.0620922039788,0.0620366553977,0.0617589124921,0.0610701100862,0.0615478278838,0.0615144987352,0.0619588873841,0.0617255833434,0.0621255331275,0.0623032885871,0.0622366302898,0.0619922165328,0.0627254578036,0.0631587367364,0.063092078439,0.0635697962367,0.0639253071559,0.0639475265883,0.0635031379393,0.0633031630473,0.0633698213447,0.0634809185069,0.062892103547,0.0628365549659,0.0627587869523,0.0624810440467,0.06214775256,0.062003326249,0.0619811068166,0.0624254954656,0.0626032509252,0.0627476772361,0.0632920533311,0.0631920658851,0.0631809561688,0.0631254075877,0.0636586739665,0.0637919905612,0.0641919403453,0.0639475265883,0.0640586237506,0.0642585986426,0.064180830629,0.064725206724,0.0650918273595,0.0657806297654,0.0650918273595,0.0649807301972,0.0645363415482,0.0645141221158,0.0645141221158,0.0648585233187,0.0644696832509,0.0639141974397,0.0636142351016,0.0630143104255,0.0635142476556,0.0635142476556,0.0637475516963,0.0637253322638,0.0639586363046,0.0637697711287,0.0637919905612,0.0640252946019,0.0641586111966,0.0642141597777,0.0641363917641,0.0648474136025,0.0649251816161,0.0651140467919,0.0649585107648,0.0648251941701,0.064969620481,0.0649140718999,0.0646807678591,0.0645363415482,0.0650362787783,0.0647363164403,0.0646807678591,0.0646585484267,0.064625219278,0.0648363038863,0.0652918022515,0.0654028994137,0.0653362411164,0.0651473759406,0.0646585484267,0.0643363666562,0.064625219278,0.064180830629,0.0643919152373,0.0642141597777,0.0639475265883,0.0635586865205,0.0637919905612,0.0637031128314,0.0636475642503,0.0634698087907,0.0633031630473,0.0635031379393,0.0636920031152,0.063880868291,0.0636920031152,0.0639475265883,0.0637586614125,0.0642585986426,0.0648363038863,0.0646918775754,0.0647918650214,0.0647807553052,0.0642030500615,0.0645363415482,0.0646141095618,0.0646918775754,0.0646363289942,0.0642585986426,0.0638919780072,0.0633698213447,0.0629032132632,0.0629476521281,0.0631809561688,0.0625032634791,0.0627254578036,0.0629476521281,0.0628143355334,0.0629587618443,0.0626143606414,0.0630032007092,0.0637697711287,0.0641919403453,0.0640364043181,0.0639030877234,0.0638586488585,0.0632031756013,0.063636454534,0.0641252820479,0.0643141472237,0.0644919026833,0.0642030500615,0.0642030500615,0.0644919026833,0.0652473633866,0.0654695577111,0.0655917645896,0.065513996576,0.0650140593459,0.0648585233187,0.0653473508326,0.064869633035,0.0646141095618,0.0647363164403,0.0640919528992,0.063980855737,0.0641697209128,0.0641586111966,0.064869633035,0.0649362913323,0.065069607927,0.0651362662244,0.0648029747376,0.0647140970078,0.064869633035,0.0646141095618,0.0646363289942,0.0648029747376,0.0645807804131,0.064625219278,0.0641363917641,0.0644030249535,0.0650584982108,0.0651918148055,0.0652806925353,0.0651918148055,0.0654695577111,0.0660028240899,0.0656250937382,0.0653695702651,0.0660694823872,0.066258347563,0.0663805544415,0.0662250184144,0.065958385225,0.0660805921034,0.0665805293335,0.065958385225,0.0660028240899,0.0672137831583,0.0666916264958,0.0669360402527,0.0668916013878,0.0665694196173,0.0670360276987,0.0674581969153,0.067047137415,0.0671137957123,0.0675026357802,0.0663472252928,0.0663027864279,0.0659028366438,0.0660917018197,0.0665138710362,0.0667138459282,0.0668360528067,0.0667360653607,0.0671804540097,0.0674026483342,0.0678137078345,0.0686136074026,0.0692357515112,0.0687247045649,0.0690802154841,0.0691802029301,0.0691468737814,0.0693468486734,0.0697134693089,0.0693357389572,0.0696357012953,0.0698134567549,0.0701800773903,0.0704467105797,0.0700356510794,0.0704467105797,0.0708688797962,0.0712355004316,0.0710244158233,0.071502133621,0.071502133621,0.0712132809992,0.0705578077419,0.0706355757555,0.0709022089449,0.0703022842688,0.0704244911472,0.0706911243366,0.0713799267425,0.0731908104871,0.0754238634483,0.0787123394507,0.0821452417641,0.0857003509559,0.0899887014186,0.0949325251385,0.0994652893581,0.103753639821,0.108008661135,0.11123047884,0.114218992504,0.116785336952,0.117874089142,0.119107267643,0.119573875724,0.119340571684,0.119929386644,0.120318226712,0.120884822239,0.12061818905,0.120629298766,0.120173800401,0.120895931955,0.120484872455,0.120773725077,0.120573750185,0.120518201604,0.120918151388,0.120929261104,0.121395869185,0.121418088618,0.121207004009,0.121406978902,0.121906916132,0.122251317335,0.122895680876,0.122729035132,0.122173549321,0.121318101172,0.121462527483,0.121473637199,0.121540295496,0.121406978902,0.122351304781,0.12202912301,0.122051342443,0.121740270388,0.122740144848,0.123273411227,0.123262301511,0.123373398673,0.122917900308,0.123262301511,0.123906665052,0.124095530228,0.124773222918,0.125628671067,0.125162062985,0.125439805891,0.125550903053,0.12570643908,0.125939743121,0.125639780783,0.125195392134,0.125050965823,0.124673235472,0.124051091363,0.124028871931,0.123640031863,0.123462276403,0.123451166687,0.123662251295,0.123728909592,0.122384633929,0.122417963078,0.122062452159,0.122517950524,0.122573499105,0.123040107187,0.12329563066,0.123428947254,0.123995542782,0.124451041147,0.12538425731,0.12547313504,0.126039730567,0.126239705459,0.125717548797,0.125650890499,0.125906413972,0.125217611567,0.124817661782,0.124462150863,0.124928758945,0.125495354472,0.125128733837,0.125006526958,0.125539793337,0.125717548797,0.124762113201,0.12529537958,0.125050965823,0.125928633405,0.126428570635,0.126450790067,0.126828520419,0.126228595743,0.12597307227,0.126084169432,0.126717423257,0.126806300987,0.127395115947,0.126661874676,0.125873084824,0.126361912338,0.125873084824,0.126995166162,0.127695078285,0.127495103393,0.127683968568,0.127750626866,0.127295128501,0.127861724028,0.127939492042,0.127995040623,0.128817159623,0.128517197285,0.128428319555,0.128672733312,0.128761611042,0.129028244232,0.128717172177,0.12815057665,0.128361661258,0.127695078285,0.127817285163,0.127906162893,0.126984056446,0.126484119216,0.126461899784,0.126717423257,0.127761736582,0.128017260055,0.128261673812,0.128906037353,0.128517197285,0.128483868137,0.129761485502,0.130272532449,0.130550275354,0.130994664003,0.13123907776,0.131905660734,0.132561133991,0.13223895222,0.132961083775,0.13350545987,0.133283265546,0.132905535194,0.132761108883,0.132194513356,0.131938989882,0.132183403639,0.130583604503,0.13015032557,0.129483742597,0.128761611042,0.128961585934,0.129639278624,0.130139215854,0.130161435286,0.1302392033,0.129761485502,0.131594588679,0.132461146545,0.132183403639,0.132116745342,0.131627917828,0.131439052652,0.130983554287,0.131516820666,0.132150074491,0.132050087045,0.131583478963,0.130772469679,0.131494601233,0.132150074491,0.131805673288,0.132127855058,0.131983428747,0.131605698396,0.130694701665,0.130316971314,0.130228093584,0.130528055922,0.131105761166,0.131061322301,0.132672231153,0.132405597964,0.133172168383,0.133783202776,0.134494224614,0.135760732264,0.135260795034,0.136105133467,0.136438424953,0.136149572331,0.136527302683,0.13718277594,0.137138337075,0.136616180413,