# R script for Peak Model
#  -- generated by MACS
p <- c(0.0262006555619,0.0304985917732,0.0348666665628,0.0392892935798,0.0437041274215,0.0440314407867,0.0441756145308,0.0443470643888,0.0443743405025,0.0445379971851,0.0446432050525,0.0445574801235,0.0443743405025,0.0446393084648,0.0445418937728,0.0443042019243,0.0439340260947,0.0437197137723,0.0434781253361,0.0434157799332,0.0432988823028,0.0434898150991,0.0436846444831,0.0434508492223,0.0436690581324,0.0436651615447,0.0437314035353,0.0437041274215,0.043930129507,0.0439807851468,0.0442184769953,0.04421068382,0.0441288554787,0.0441015793649,0.0441600281801,0.0445496869481,0.0450055877067,0.045087416048,0.0451380716879,0.0449510354792,0.0449120696024,0.0447717924459,0.044892586664,0.0449705184176,0.0448263446734,0.0446276187018,0.0442652360475,0.0442457531091,0.0441522350048,0.0441054759526,0.044222373583,0.0444990313083,0.04469775728,0.0446509982278,0.0445496869481,0.0445263074221,0.0447562060952,0.0449666218299,0.0451536580386,0.0457147666645,0.0455472133943,0.0455238338682,0.0455043509298,0.0455589031573,0.0458160779442,0.0459368721623,0.0458823199348,0.0455433168066,0.0452744522567,0.044904276427,0.0450445535835,0.0450679331096,0.0450640365219,0.0452783488444,0.0450952092234,0.0452276932045,0.0451887273277,0.0452276932045,0.0452783488444,0.0452315897922,0.0451302785125,0.0451341751002,0.0448029651474,0.04469775728,0.0446899641046,0.0446821709293,0.0445769630619,0.0448029651474,0.0449977945314,0.0451146921618,0.045270555669,0.0452744522567,0.0454459021146,0.0454497987023,0.0455277304559,0.0453640737733,0.0454030396501,0.0453017283704,0.0452160034415,0.0453251078965,0.0453173147212,0.0455550065696,0.0456251451479,0.0453952464748,0.0452666590813,0.045282245432,0.0456017656218,0.0457771120674,0.0458394574703,0.0460966322572,0.045952458513,0.0460732527311,0.0463732899825,0.0466655340585,0.0468408805041,0.0469266054331,0.0468330873288,0.0467006033476,0.0466538442955,0.0466499477078,0.0468720532056,0.0468213975657,0.04669670676,0.046513567139,0.0466187750064,0.0465720159542,0.0465330500774,0.0467044999353,0.0464823944375,0.046513567139,0.0464239456223,0.0463031514043,0.0462174264753,0.0464434285607,0.0465486364281,0.0467785351012,0.0469305020208,0.046891536144,0.0474526447699,0.0473123676134,0.0476240946279,0.047768268372,0.048060512448,0.0481033749125,0.0480994783248,0.0479903738698,0.0478500967133,0.0480799953864,0.0476942332061,0.0475890253387,0.0473825061917,0.0473591266656,0.0474604379453,0.0473318505518,0.0474409550069,0.0473357471395,0.0474409550069,0.0477409922583,0.0481696169031,0.0484151019269,0.0483566531117,0.0482865145335,0.0483878258132,0.048609931311,0.0484657575668,0.0486060347233,0.048828140221,0.0486605869508,0.0485592756711,0.0484540678037,0.0485086200313,0.0486177244863,0.0481774100784,0.0480760987988,0.048329376998,0.0484228951023,0.0485319995573,0.0485047234436,0.0485592756711,0.0488437265718,0.0488826924486,0.0488476231594,0.0494710771883,0.0498529427809,0.0499074950085,0.0499659438237,0.0499152881838,0.049962047236,0.0502075322598,0.050047772165,0.0505270524496,0.050546535388,0.0503672923547,0.050254291312,0.0502114288475,0.0504686036344,0.05064395008,0.0506595364308,0.0507608477104,0.0507881238242,0.0505582251511,0.0510530917865,0.0510024361466,0.051107644014,0.0512362314074,0.0514427505545,0.0512128518814,0.051411577853,0.0511738860045,0.051302473398,0.0513375426871,0.0510258156727,0.051107644014,0.0512284382321,0.0511154371893,0.0509284009807,0.0512518177582,0.051290783635,0.0515050959574,0.0518012366211,0.0521831022137,0.0521831022137,0.0525493814557,0.0526000370955,0.0527909698918,0.0529896958635,0.0532195945367,0.0530598344418,0.0532897331149,0.0531728354845,0.0531728354845,0.053204008186,0.0530169719773,0.0529935924512,0.0533092160533,0.0532663535888,0.0534533897975,0.0535352181388,0.0535157352004,0.0536287362431,0.0537300475228,0.0540651540633,0.0544197435422,0.0545483309356,0.0544626060067,0.0547119876182,0.0544820889451,0.0547743330211,0.0550237146326,0.0553198552963,0.0553081655333,0.0555380642064,0.0555380642064,0.0558770673346,0.0563290715055,0.0565862462924,0.0569603187097,0.0573421843024,0.0571278719799,0.0572213900843,0.0573110116009,0.0575759795632,0.0575759795632,0.0576850840182,0.0575331170987,0.0575214273357,0.0575798761509,0.0573694604161,0.0576928771936,0.0577201533073,0.0581526745399,0.0582267097058,0.0587293695165,0.058674817289,0.0587527490426,0.0589865443034,0.0590021306541,0.0591813736874,0.0595086870526,0.0594736177635,0.0593956860098,0.059138511223,0.0590683726447,0.0594814109388,0.0597424823134,0.0598866560576,0.0599918639249,0.060490627148,0.060502316911,0.0608530098023,0.0611569436413,0.0617803976702,0.0622440916041,0.0625947844953,0.0629220978605,0.0629182012728,0.0634286542589,0.0635338621263,0.0640092458232,0.0643950080036,0.0647885633593,0.0649405302788,0.0650379449708,0.0652717402316,0.0659575396634,0.0668420650668,0.0671382057305,0.0677811426977,0.0683968035512,0.0689306360634,0.0696242286705,0.0703178212776,0.070824377676,0.0712296227947,0.0712062432686,0.0714322453541,0.0719933539801,0.0721219413735,0.0722933912314,0.0724765308524,0.0725778421321,0.0727025329379,0.0731311575827,0.0732558483884,0.0735130231753,0.0737039559717,0.073688369621,0.0740234761615,0.0742222021331,0.0745300325599,0.0747248619439,0.0751768661148,0.0752041422286,0.0755236624183,0.0758665621342,0.0759990461153,0.0763380492435,0.0765328786275,0.0768212261159,0.0770121589122,0.0772576439361,0.0771680224194,0.0777642003345,0.0781187898134,0.0785941735104,0.0790539708566,0.079548837492,0.0798605645065,0.0798995303833,0.0806320888671,0.0812516463083,0.0818244446973,0.0821829307639,0.0821790341762,0.0823777601479,0.0828141779681,0.0830284902905,0.0835428398643,0.0835818057411,0.0834960808121,0.0838272907649,0.083948084983,0.0842870881112,0.0848404035618,0.0852183725668,0.0853508565479,0.0858223436572,0.0861808297238,0.0867380417621,0.0871315971178,0.0872212186344,0.0878173965495,0.0875173592981,0.0880706747487,0.0878758453647,0.0884603335167,0.0883161597726,0.0881602962654,0.0886707492515,0.0891734090622,0.0893487555078,0.0893799282093,0.090065727641,0.090541111338,0.0917061910544,0.0919360897275,0.0928712707708,0.0936739678329,0.0943091116248,0.094745529445,0.0950767393978,0.0957508490665,0.0958326774077,0.0961521975975,0.096779548214,0.0970951718161,0.0971847933328,0.0975315896363,0.0977459019587,0.0983966321013,0.0992772609171,0.0999279910597,0.10095279362,0.101003449259,0.101241141108,0.102051631345,0.102772500066,0.103290746228,0.104031097887,0.104354514664,0.10468182803,0.105270212769,0.105909253149,0.10696522841,0.107549716562,0.10804068661,0.109178490213,0.110082498554,0.110920264906,0.111722961968,0.112580211257,0.112903628035,0.113562151353,0.114329779126,0.114902577515,0.115588376947,0.116017001591,0.116924906521,0.117560050313,0.118206883868,0.118760199318,0.120073349366,0.120498077424,0.121144910979,0.122165816951,0.123295827378,0.124094627852,0.124862255626,0.125867575247,0.126709238186,0.127621039703,0.128353598187,0.129522574491,0.130535687288,0.131595559137,0.132308634682,0.133126918095,0.133847786816,0.134541379423,0.135788287481,0.137039092126,0.138063894686,0.139649805872,0.140429123408,0.140830471939,0.141944896016,0.142591729571,0.144033467012,0.144501057534,0.145638861137,0.147033839526,0.147743018484,0.148440507679,0.149590001044,0.150758977348,0.151659089102,0.15344372626,0.154456839057,0.156370063608,0.157211726547,0.157729972708,0.159335366833,0.160348479629,0.161649939915,0.163111160295,0.164841245225,0.16543742314,0.166376500771,0.16750261461,0.168648211388,0.169914602384,0.170635471105,0.171640790727,0.172790284092,0.174333332814,0.175174995753,0.176659595659,0.178307852248,0.179975591775,0.181358880401,0.182488890829,0.184086491777,0.185438607702,0.187114140405,0.188041528273,0.189483265715,0.190784726,0.192351154247,0.193185024011,0.194844970363,0.196878989132,0.198558418422,0.200362538518,0.201776999846,0.203359014444,0.204917649516,