# R script for Peak Model
#  -- generated by MACS
p <- c(0.0285074473073,0.033071447492,0.0386009092542,0.0437441863853,0.048694371201,0.0487821404353,0.0487645865885,0.0498002635535,0.0495896173911,0.0498880327878,0.0497124943191,0.0496598327785,0.0488172481291,0.0485539404261,0.0486592635073,0.0490103404446,0.0480273250202,0.0482730788763,0.0486768173542,0.0485539404261,0.048957678904,0.0492560943007,0.0493263096881,0.049343863535,0.0491683250663,0.0492034327601,0.0496949404723,0.0496598327785,0.0494842943099,0.0491156635258,0.0495018481568,0.0495194020036,0.0498178174003,0.0498880327878,0.0500811251033,0.0498704789409,0.049993355869,0.0491683250663,0.0494842943099,0.0498704789409,0.049466740463,0.0496773866254,0.0499231404815,0.0504497558874,0.0507481712841,0.0511343559151,0.0509939251402,0.0510114789871,0.0506077405092,0.0506604020498,0.0508534943653,0.0503268789594,0.0497124943191,0.0491683250663,0.0489050173634,0.0488699096697,0.048571494273,0.0487119250479,0.0488172481291,0.0492560943007,0.0489401250571,0.0494316327693,0.0492209866069,0.0495018481568,0.0493789712287,0.0488699096697,0.0497124943191,0.0503444328062,0.0498704789409,0.050116232797,0.0504673097343,0.0509237097528,0.0511694636089,0.0514327713118,0.0511694636089,0.050888602059,0.0504497558874,0.0504673097343,0.0508008328247,0.0503268789594,0.0506077405092,0.0502566635719,0.0503093251125,0.0500986789501,0.0506955097435,0.0519418328709,0.0518365097897,0.0513976636181,0.0520120482583,0.0514327713118,0.0512396789963,0.0519944944115,0.0525913252048,0.052573771358,0.0520822636458,0.0511870174557,0.051801402096,0.0520998174927,0.0517311867085,0.0521524790332,0.051924279024,0.0510465866808,0.0513801097712,0.0515205405461,0.0519944944115,0.0528370790609,0.0527493098266,0.0531354944576,0.0537498790979,0.0535216790886,0.0537674329447,0.0534690175481,0.0532583713857,0.0536621098636,0.0532583713857,0.0526790944392,0.0525913252048,0.0521700328801,0.0516960790148,0.0520998174927,0.0522226944207,0.0527317559798,0.0524157867362,0.0522929098082,0.0525211098174,0.053082832917,0.0531003867639,0.0537498790979,0.053732325251,0.0542940483507,0.0547504483691,0.0545573560536,0.0543993714319,0.0543993714319,0.054381817585,0.0538552021791,0.0535392329355,0.0531706021514,0.0528897406015,0.052959955989,0.0532057098451,0.0534865713949,0.053995632954,0.0538552021791,0.0543467098913,0.0545398022068,0.0548031099097,0.0547855560629,0.0557159099467,0.0544169252787,0.0531354944576,0.0535216790886,0.0534865713949,0.0538200944853,0.0538903098728,0.0540482944946,0.0541711714226,0.0541536175758,0.0542238329632,0.0551190791533,0.0560143253433,0.0556808022529,0.0556456945592,0.0552068483876,0.054381817585,0.0543291560444,0.0542062791163,0.0541360637289,0.0538376483322,0.0543993714319,0.0542940483507,0.0542764945038,0.0544520329724,0.053995632954,0.054890879144,0.0549610945315,0.0549962022252,0.0553999407031,0.0549786483784,0.0541711714226,0.0540307406477,0.0543993714319,0.0546802329817,0.0550137560721,0.0552244022345,0.0550488637658,0.054890879144,0.054890879144,0.0551892945407,0.0552770637751,0.0555930330186,0.055031309919,0.0547504483691,0.0555930330186,0.0555228176312,0.0553999407031,0.0556632484061,0.0552595099282,0.0556808022529,0.0558563407216,0.0561547561183,0.0571026638489,0.0567164792179,0.0561372022714,0.0555052637843,0.0562600791994,0.0563829561275,0.0566813715242,0.0566638176773,0.0564005099744,0.0562425253526,0.0554526022437,0.0559967714965,0.0561723099651,0.0562074176589,0.056189863812,0.0559616638028,0.0557334637935,0.0555228176312,0.0567866946054,0.0570851100021,0.0576819407954,0.0575590638674,0.0572079869301,0.05838409467,0.058770279301,0.0597006331848,0.0600868178158,0.0601219255095,0.0594373254818,0.0589107100759,0.0587176177604,0.058647402373,0.0591740177789,0.0585069715981,0.0583489869763,0.0580154638859,0.0577170484892,0.0576292792548,0.0579276946515,0.0584718639043,0.0588229408416,0.0592442331663,0.0591740177789,0.0590862485446,0.0588756023822,0.0585947408324,0.0592266793195,0.0597006331848,0.0595602024099,0.0596655254911,0.0599814947346,0.0600868178158,0.0600166024284,0.0607363101498,0.0609996178528,0.0620704025115,0.0617895409616,0.0617544332679,0.0620177409709,0.061736879421,0.0610171716996,0.0608240793841,0.0615964486461,0.0613155870963,0.0609996178528,0.0606660947623,0.0610698332402,0.0614033563306,0.0615613409524,0.061227817862,0.0622810486738,0.0625970179174,0.0627023409986,0.0631411871702,0.0634747102606,0.063299171792,0.0627198948454,0.0625268025299,0.0625092486831,0.0638784487385,0.0634747102606,0.0641242025946,0.0634044948731,0.0631411871702,0.0631938487108,0.0637555718104,0.0643348487569,0.0644226179913,0.0647736949285,0.0643875102975,0.064843910316,0.064457725685,0.064966787244,0.065230094947,0.0651423257127,0.0652476487939,0.0657918180467,0.0665992950024,0.0667572796242,0.0686882027792,0.0704260336188,0.0743054337757,0.0772720338958,0.0805194955656,0.0847499726599,0.0891033266822,0.0933513576233,0.0971429885459,0.101180373325,0.103655465733,0.106253435068,0.107060912024,0.108254573611,0.10937801981,0.109641327513,0.110009958297,0.11022060446,0.110290819847,0.111344050659,0.111975989146,0.111923327606,0.111782896831,0.111695127596,0.110975419875,0.11111585065,0.110922758334,0.110712112172,0.110922758334,0.110466358316,0.110009958297,0.110905204487,0.111712681443,0.112239296849,0.113397850742,0.113854250761,0.114451081554,0.114854820032,0.115398989285,0.115486758519,0.1155920816,0.114503743095,0.11441597386,0.114995250807,0.114995250807,0.116224020087,0.115855389303,0.115732512375,0.115960712384,0.117628327836,0.118014512467,0.119910327929,0.120665143344,0.120946004894,0.121613051074,0.121455066453,0.121174204903,0.121455066453,0.120893343353,0.120507158722,0.120472051028,0.120033204857,0.119840112541,0.119840112541,0.119085297126,0.117768758611,0.118365589405,0.118892204811,0.119717235613,0.118400697098,0.118383143252,0.117803866305,0.118207604783,0.118435804792,0.119647020226,0.121209312597,0.122262543408,0.122227435715,0.123157789599,0.124053035789,0.124544543501,0.125246697375,0.124667420429,0.124474328113,0.124123251176,0.124298789645,0.12505360506,0.125825974322,0.124948281979,0.124702528123,0.125562666619,0.126335035881,0.126966974368,0.127581359008,0.128704805208,0.129038328298,0.128265959036,0.128862789829,0.129459620623,0.12981069756,0.13037242066,0.129389405235,0.130934143759,0.131566082246,0.131513420706,0.131636297634,0.131039466841,0.130477743741,0.130916589912,0.130600620669,0.12947717447,0.1309868053,0.130179328344,0.129635159091,0.130828820678,0.1309868053,0.131987374571,0.132601759211,0.133145928464,0.134602897754,0.135392820863,0.134374697745,0.133848082339,0.135217282394,0.134041174654,0.133497005401,0.133321466933,0.132391113049,0.132198020734,0.132250682274,0.132900174608,0.13451512852,0.134462466979,0.133637436176,0.133795420798,0.135059297772,0.135445482403,0.136867343999,0.137183313243,0.137499282487,0.137604605568,0.136726913224,0.138183882514,0.138061005586,0.138394528677,0.138183882514,0.138587620992,0.139149344092,0.139500421029,0.13960574411,0.139289774867,0.139254667173,0.138956251776,0.139781282579,0.139658405651,0.140746744156,0.141747313428,0.14139623649,0.140992498012,0.140834513391,0.141799974968,0.142835651933,0.143397375033,0.145310744341,0.145942682828,0.145626713585,0.146381529,0.146048005909,0.146153328991,0.147399652118,0.148101805992,0.148909282948,0.149593882976,0.147996482911,0.148540652164,0.149383236814,0.148575759858,0.150015175301,0.1517003446,0.15175300614,0.151349267662,0.151788113834,0.152068975384,0.153034436961,0.152946667727,0.152946667727,0.153332852358,0.154368529323,0.154052560079,0.15528132936,0.156422329406,0.156931390965,0.157896852543,0.159441591067,0.160336837257,0.161460283456,0.162601283502,0.162408191187,0.16390026817,0.164286452801,0.16446199127,0.166392914425,0.166901975984,0.167077514453,0.168762683751,0.168639806823,0.170202099194,0.171553745403,0.172484099287,0.173256468549,0.174116607045,0.174239483973,0.175029407082,