# R script for Peak Model
#  -- generated by MACS
p <- c(0.0293500713676,0.0343690107859,0.0396024347948,0.0446385329803,0.0496231548641,0.0501036003469,0.0504381963081,0.0504553550754,0.0511159676142,0.0510130150107,0.0511417057651,0.0511931820668,0.0509272211745,0.0508843242564,0.0508843242564,0.0506097839806,0.0508500067219,0.0515363574116,0.051098808847,0.0511502851487,0.0513990872737,0.0513819285065,0.0515363574116,0.051596413097,0.0519739059763,0.051776580153,0.0516564687823,0.051278975903,0.0513390315883,0.0514419841918,0.0516478893987,0.0515449367953,0.0516564687823,0.0518108976875,0.0516049924806,0.0519824853599,0.0519395884418,0.0519739059763,0.0518280564547,0.051913850291,0.0515792543297,0.0520854379634,0.0521283348815,0.0522055493341,0.052094017347,0.0521111761142,0.0520854379634,0.0518881121401,0.0521540730323,0.0519996441272,0.0525144071444,0.0521454936487,0.0522999225539,0.0525658834462,0.0528919000238,0.0531063846143,0.053089225847,0.0536211476315,0.0534152424246,0.0536125682479,0.0528146855712,0.0529176381746,0.052840423722,0.0530120113945,0.0530120113945,0.0526945742005,0.0532693929031,0.0530978052307,0.0532865516703,0.0530720670798,0.0535610919462,0.0536897827005,0.0535696713298,0.0531149639979,0.0532007578341,0.0531407021488,0.0528232649548,0.0529004794074,0.0531063846143,0.0535525125626,0.0534152424246,0.0535696713298,0.0534324011919,0.0536640445497,0.0533122898212,0.0538956879074,0.0544190303083,0.0544962447609,0.0543932921574,0.0541530694161,0.0544790859937,0.054290339554,0.0549337933256,0.055105380998,0.0554399769592,0.0550195871618,0.0544018715411,0.0543332364721,0.0543847127738,0.0546592530497,0.0546935705842,0.0549509520928,0.0546592530497,0.0547278881187,0.0543847127738,0.0543675540066,0.0545991973643,0.0547622056531,0.0553713418902,0.0552941274376,0.0555772470971,0.0553027068213,0.0552426511359,0.0551482779161,0.0555000326446,0.0556115646316,0.0556544615497,0.0554142388083,0.0552083336014,0.0549766902437,0.0546764118169,0.0548136819549,0.0548823170238,0.0548051025712,0.0549595314764,0.0551396985325,0.0552941274376,0.0552340717523,0.0548737376402,0.0547793644204,0.0545648798299,0.0546335148988,0.0549166345583,0.0550539046963,0.0554828738773,0.0556287233989,0.0553885006575,0.0555686677135,0.0558003110713,0.0560233750454,0.0564695029937,0.0567183051187,0.0562807565541,0.0560319544291,0.0556287233989,0.0554399769592,0.0558174698385,0.0558260492222,0.0560405338127,0.0560062162782,0.0557145172351,0.0558689461403,0.056349391623,0.0568298371058,0.0569242103256,0.0568813134075,0.0568555752567,0.0569499484765,0.0567526226532,0.0574389733429,0.0577220930024,0.0575076084119,0.0574046558084,0.0570614804636,0.0568813134075,0.0572244887524,0.0570271629291,0.0577049342352,0.0578078868386,0.0572502269032,0.0572159093688,0.057413235192,0.057301703205,0.057481870261,0.0574303939593,0.0577821486878,0.0575934022481,0.0572159093688,0.057619140399,0.0578765219076,0.0578250456059,0.0579537363602,0.0581510621835,0.0583140704723,0.0584684993774,0.0578336249895,0.0582711735542,0.0584513406102,0.058116744649,0.0580309508128,0.0581596415671,0.0579966332783,0.0579279982093,0.0579279982093,0.0583140704723,0.0586229282826,0.05854571383,0.0587430396533,0.0589575242438,0.0591462706835,0.0590004211619,0.0593950728085,0.0596267161663,0.0595495017137,0.059429390343,0.0593006995887,0.0594722872611,0.0590776356145,0.0589146273257,0.0591033737654,0.0595323429464,0.0593178583559,0.0595323429464,0.0599355739766,0.0600042090456,0.0599784708947,0.060244431787,0.060673400968,0.0606819803517,0.0606648215844,0.0606047658991,0.0607849329551,0.0608364092568,0.0607935123387,0.0609565206275,0.0615399187138,0.0616514507008,0.0615399187138,0.0618830940586,0.0617544033043,0.0619088322095,0.0614970217957,0.061308275356,0.0613168547396,0.0613511722741,0.0611881639853,0.0610937907655,0.0611967433689,0.0613168547396,0.0616857682353,0.0619860466621,0.0624150158431,0.0631700016018,0.0632214779035,0.0634273831104,0.0637019233863,0.0641823688691,0.0643539565415,0.0646713937355,0.0645855998992,0.0643024802397,0.0645255442139,0.0641394719509,0.0644740679122,0.0645598617484,0.0643110596234,0.0642595833216,0.0646199174337,0.0643367977742,0.0646971318863,0.0648086638734,0.0652719505889,0.0651861567527,0.0653062681234,0.0657781342226,0.0665760168993,0.0666360725847,0.0664816436795,0.0665245405976,0.0666360725847,0.0670650417657,0.0664301673778,0.0667132870373,0.0666703901192,0.0663443735416,0.0662414209381,0.066515961214,0.0668505571752,0.0670736211493,0.0670221448476,0.0671594149856,0.067759971839,0.0684291637615,0.0684549019123,0.0688409741753,0.0690125618477,0.0691755701365,0.069209887671,0.0695359042486,0.0696731743865,0.0699820321969,0.0701879374038,0.0699648734296,0.0702308343219,0.0702565724728,0.0701107229512,0.0701021435676,0.0704367395288,0.0710029788478,0.0713547335762,0.0717064883047,0.0721955131711,0.0728303875591,0.0737912785246,0.0745720024341,0.0754985758652,0.0766825308049,0.0773688814946,0.0778150094429,0.0783297724602,0.0785614158179,0.079170552055,0.0798654821283,0.0797968470594,0.0801400224042,0.0803630863783,0.0803116100766,0.0802258162404,0.0802515543913,0.0810408576844,0.0816585733051,0.0822333920077,0.082113280637,0.0823535033784,0.0827738931759,0.0831513860552,0.0835717758526,0.0841809120897,0.0849187390811,0.0848501040122,0.0852275968915,0.0848672627794,0.0853133907277,0.0858538918958,0.0855450340855,0.0855879310036,0.0848672627794,0.0848329452449,0.0848501040122,0.0847986277104,0.0848329452449,0.0856737248398,0.0855621928527,0.0857337805251,0.0860169001846,0.0866946714907,0.0874839747838,0.0878443088959,0.0884105482149,0.0889424699994,0.0891741133572,0.0895087093184,0.0901950600081,0.0905382353529,0.0913446974133,0.0913018004952,0.0916964521418,0.09214258009,0.0920567862538,0.0923399059133,0.0929404627668,0.0926401843401,0.092708819409,0.0930348359866,0.0927431369435,0.0931034710556,0.0935324402367,0.0936697103746,0.093523860853,0.0940986795556,0.0940557826375,0.0942616878444,0.0945619662712,0.0944847518186,0.0951796818919,0.095471380935,0.0955142778531,0.0957802387454,0.096603859573,0.096921296767,0.0972644721118,0.0977706557455,0.0987229673274,0.0996066438404,0.10010424809,0.100344470832,0.100498899737,0.100996503987,0.101322520565,0.101588481457,0.102008871254,0.102909706534,0.102815333315,0.102523634272,0.102720960095,0.103158508659,0.104162296543,0.104634162642,0.105037393672,0.105500680388,0.105963967104,0.105706585595,0.106161292927,0.107628367526,0.107842852117,0.108657893561,0.109352823634,0.109550149457,0.110270817681,0.110922850837,0.11093143022,0.111789368582,0.1123041316,0.112492878039,0.113033379207,0.113771206199,0.113814103117,0.114980899289,0.114860787919,0.115890313953,0.116765411082,0.117254435949,0.11787215157,0.118704351781,0.119785354117,0.11967382213,0.120651871863,0.120866356453,0.122058890777,0.121638500979,0.122084628928,0.122916829139,0.123628917979,0.123723291199,0.123620338596,0.125104571962,0.125782343268,0.126528749643,0.127215100333,0.128261785135,0.129291311169,0.129943344324,0.13080986207,0.132354151122,0.133332200855,0.133306462704,0.13329788332,0.133512367911,0.1341987186,0.135331197238,0.136515152178,0.136532310945,0.137089970881,0.136772533687,0.137947909243,0.139354928157,0.140538883096,0.141894425709,0.142666570234,0.142795260989,0.143232809553,0.144691304769,0.14580662464,0.146964841429,0.147239381704,0.148457654179,0.149109687334,0.149555815282,0.150164951519,0.152095312834,0.152944671812,0.153219212088,0.154188682437,0.15454901655,0.155475589981,0.155149573403,0.156968402731,0.158358262877,0.159748123024,0.159473582748,0.160185671589,0.161712801873,0.161901548313,0.163188455856,0.164664109839,0.165830906011,0.165925279231,0.166869011429,0.167289401227,0.16776984671,0.168850849046,0.169494302817,0.170867004197,0.171690625024,0.172642936606,0.173783994628,0.174701988675,0.175499871352,0.177164271775,0.178708560826,0.179849618848,0.181230899611,0.181805718314,0.184165048809,0.185263209913,0.186001036904,0.187193571228,