# R script for Peak Model
#  -- generated by MACS
p <- c(0.0230561688301,0.0268668411784,0.0307255472117,0.033991837796,0.0382348133099,0.0380747010263,0.0374662743489,0.0385390266486,0.0381387459398,0.0385710491053,0.03833088068,0.0382668357666,0.0378185213727,0.0380747010263,0.0373221732937,0.0375463304906,0.0378505438294,0.0373221732937,0.037338184522,0.0369379038132,0.0370339711833,0.0368258252147,0.0376423978608,0.0376744203175,0.0380747010263,0.037786498916,0.037562341719,0.0378185213727,0.0381867796248,0.038106723483,0.0380907122547,0.038106723483,0.0378185213727,0.0378825662861,0.0374822855772,0.0378185213727,0.0382348133099,0.037562341719,0.0374182406638,0.0375143080339,0.0376103754041,0.0377704876876,0.0376904315458,0.0378025101443,0.0374982968056,0.0373541957504,0.0370820048684,0.0379305999711,0.0375143080339,0.0378025101443,0.0374022294355,0.0376744203175,0.0374982968056,0.0370820048684,0.0373541957504,0.0374022294355,0.0372741396086,0.0368578476714,0.037338184522,0.0374022294355,0.0376904315458,0.0374342518922,0.0377064427742,0.0381867796248,0.0383468919084,0.0382828469949,0.0382348133099,0.0381707683965,0.0382828469949,0.0379626224279,0.0378185213727,0.03833088068,0.0382348133099,0.0384269480501,0.0383148694516,0.0383789143651,0.0384909929635,0.0383148694516,0.0382027908532,0.0382348133099,0.0383468919084,0.0381707683965,0.038058689798,0.0378985775144,0.0377704876876,0.0376744203175,0.0377064427742,0.0378665550577,0.0380747010263,0.0384909929635,0.0390353747276,0.0392755431529,0.039867958602,0.0399159922871,0.0398999810587,0.0403963291377,0.0404283515944,0.0405084077362,0.0403482954526,0.040092115799,0.0399159922871,0.039643801405,0.0390513859559,0.0389072849008,0.0391954870111,0.0390193634992,0.0392915543813,0.0389873410425,0.0393555992947,0.0391154308694,0.0382988582233,0.0381707683965,0.0382027908532,0.0387952063023,0.0386350940187,0.0386671164754,0.038827228759,0.0392755431529,0.0390513859559,0.0401081270273,0.0407805986182,0.041132845642,0.0417412723195,0.0412769466972,0.0414210477524,0.0416131824926,0.0416452049493,0.0414530702091,0.0411168344136,0.0409407109017,0.0411168344136,0.041357002839,0.0410848119569,0.04086065476,0.0411168344136,0.0411808793271,0.04086065476,0.0407165537048,0.0410848119569,0.04086065476,0.040908688445,0.0399640259721,0.0399800372005,0.0403803179093,0.0407805986182,0.0406525087914,0.0413409916106,0.0415651488076,0.0412929579255,0.0412289130121,0.0408286323033,0.0415331263508,0.0413409916106,0.0412289130121,0.0410848119569,0.0415011038941,0.0412929579255,0.0413089691539,0.0416452049493,0.041357002839,0.0418053172329,0.0418853733746,0.0424617775954,0.0427820021625,0.0427659909341,0.0427179572491,0.0427659909341,0.0430061593594,0.0433263839265,0.0430381818161,0.0434704849817,0.0431502604146,0.0424777888237,0.0419173958313,0.0417572835478,0.0409887445868,0.0406204863347,0.0402202056258,0.0399320035154,0.0404283515944,0.0402202056258,0.0406204863347,0.0407645873898,0.0411808793271,0.0412929579255,0.0419173958313,0.0416131824926,0.042397732682,0.0427019460207,0.0428780695326,0.0424777888237,0.0421575642567,0.0423496989969,0.0420614968865,0.0424777888237,0.0426539123356,0.0435985748085,0.043214305328,0.0430381818161,0.0428300358475,0.0432463277847,0.0440789116592,0.0442550351711,0.0446713271083,0.0445592485098,0.044479192368,0.0439988555174,0.0442710463994,0.0443030688561,0.0446553158799,0.0448314393918,0.0444952035964,0.0450716078171,0.045247731329,0.045744079408,0.0455839671245,0.0461763825736,0.0463044724004,0.0464005397705,0.0465286295974,0.0465446408257,0.0467687980227,0.0460803152034,0.0464005397705,0.0464325622272,0.0471210450465,0.0467047531093,0.0464805959123,0.0464805959123,0.0462724499437,0.0467207643376,0.0469929552196,0.0472011011882,0.0468488541644,0.0467047531093,0.0461283488885,0.0466727306526,0.0472171124166,0.0469289103062,0.0476654268105,0.0471690787315,0.0464805959123,0.0465286295974,0.0466246969675,0.0463204836288,0.0470730113614,0.0469769439913,0.0465606520541,0.0472651461017,0.0464645846839,0.0471050338181,0.0482418310313,0.0488022240237,0.0492025047325,0.0496348078981,0.0494746956145,0.0496668303548,0.049586774213,0.049858965095,0.0511718858201,0.0508676724814,0.0505634591426,0.0504834030009,0.0506915489695,0.0510598072216,0.0513640205603,0.0513800317887,0.0517803124975,0.0517803124975,0.0514280654738,0.0515241328439,0.0514440767021,0.0517803124975,0.0524367728601,0.0522126156631,0.0523727279467,0.0529651433958,0.0538457609552,0.0540058732388,0.0540539069238,0.0544381764043,0.0550946367669,0.05496654694,0.0544701988611,0.0548704795699,0.0551586816803,0.0552707602788,0.0549825581684,0.0550946367669,0.0558951981846,0.0560873329248,0.0563114901218,0.0568558718858,0.0576404220752,0.0579766578706,0.0579606466423,0.0575283434767,0.0577044669886,0.0582008150676,0.0581687926109,0.0587131743749,0.0588092417451,0.0602342410686,0.0614671056519,0.062603902865,0.063644632708,0.0657421036224,0.0671190692609,0.0686561471829,0.0700331128214,0.0716982805702,0.0727390104132,0.0735395718309,0.0736996841145,0.074083953595,0.0753648518633,0.0759092336274,0.0768218736435,0.0770300196122,0.0775263676911,0.077158109439,0.0777985585732,0.0774623227777,0.0780387269985,0.078919344558,0.0788072659595,0.0787912547311,0.0786631649043,0.0790474343848,0.0791595129833,0.0794317038653,0.0786791761326,0.0792876028101,0.0792876028101,0.078919344558,0.0791595129833,0.079687883519,0.0801361979129,0.0803443438815,0.0804884449367,0.0804724337083,0.0820255228587,0.0813370400394,0.0820255228587,0.0826499607645,0.0830662527017,0.083578612009,0.0838508028911,0.0844111958834,0.0846833867655,0.0851957460728,0.0854038920414,0.0870050148768,0.0873412506723,0.0875493966409,0.0879016436647,0.0875013629558,0.0876134415543,0.0878055762945,0.0884620366571,0.0897909686105,0.0904794514297,0.0904634402013,0.090943777052,0.0919044507532,0.0918724282965,0.0933614725335,0.0943861911481,0.0946583820302,0.0952027637942,0.0948985504555,0.0947384381719,0.0948825392271,0.0952347862509,0.095555010818,0.0969960213699,0.0972201785668,0.0969639989132,0.0974123133071,0.0977005154175,0.0986131554336,0.0993176494812,0.100582536521,0.100470457923,0.100870738632,0.101303041797,0.1010788846,0.10253590638,0.103448546397,0.104633377295,0.104249107814,0.10506568046,0.104825512035,0.105722140823,0.105321860114,0.104761467122,0.105770174508,0.107323263658,0.107627476997,0.107083095233,0.108139836304,0.108043768934,0.109100510006,0.109372700888,0.110445453187,0.111982531109,0.111966519881,0.110589554243,0.11119798092,0.11217466585,0.113295451834,0.114336181677,0.115136743095,0.115745169773,0.117602472262,0.118002752971,0.119059494042,0.119363707381,0.119812021775,0.120644605649,0.120884774074,0.121493200752,0.121573256894,0.122197694799,0.121301066012,0.121893481461,0.122613986737,0.123958929918,0.124567356596,0.125175783273,0.126840951022,0.127065108219,0.128442073858,0.130107241606,0.131452184788,0.132236734978,0.13318139745,0.133997970096,0.135198812223,0.136095441011,0.136527744176,0.138128867012,0.139265664225,0.139874090902,0.140658641092,0.140274371611,0.140738697234,0.141587292336,0.142451898667,0.14301229166,0.143156392715,0.14446931344,0.145029706433,0.146326615929,0.147511446827,0.149288693175,0.150201333191,0.151017905837,0.151610321286,0.152907230783,0.153371556405,0.153531668689,0.154636443445,0.155356948721,0.155725206973,0.156894026643,0.158591216849,0.160496553023,0.162161720772,0.162914248504,0.165395988899,0.166484752427,0.167205257703,0.168197953861,0.17015132372,0.171095986193,0.172024637438,0.171448233217,0.172665086572,0.174858624856,0.175755253644,0.177436432621,0.178445140008,0.179069577914,0.179357780024,0.181487273395,0.183104407459,0.185281934515,0.186098507161,0.186915079807,0.188067888249,0.188308056674,0.190629684785,0.191974627967,0.193575750803,0.194360300992,0.195385019607,0.197274344552,0.198923501073,0.200444567766,0.201597376208,0.204047094146,0.203454678697,0.204415352398,0.205456082241,0.206384733486,0.207105238762,