# R script for Peak Model
#  -- generated by MACS
p <- c(0.0362424138815,0.0424822634413,0.0489358064792,0.0550474399521,0.0610308573382,0.0619711086418,0.0618001538593,0.0606034703821,0.0615437216856,0.0620993247286,0.0622275408155,0.0622702795111,0.0618428925549,0.0612018121207,0.0607316864689,0.0599623899479,0.0597486964698,0.0604325155996,0.0590648773399,0.0579964099496,0.0582528421233,0.0577399777759,0.0576972390803,0.0579109325583,0.0577827164715,0.0569279425592,0.0572271134285,0.0579964099496,0.0591930934268,0.0594067869049,0.0582955808189,0.0584237969057,0.0585947516882,0.0582955808189,0.0597914351654,0.0618001538593,0.0618001538593,0.0610735960338,0.0610308573382,0.0619283699461,0.0633387469014,0.0638088725532,0.0641507821181,0.0641507821181,0.0632532695102,0.062056586033,0.0609026412514,0.0604752542952,0.059834173861,0.0591503547312,0.0589793999487,0.0597486964698,0.0594495256005,0.0598769125566,0.0601760834259,0.0603042995128,0.0614582442944,0.0618001538593,0.0625267116848,0.0627404051628,0.0625267116848,0.0618856312505,0.0621420634242,0.0633387469014,0.0637661338576,0.0634242242927,0.0635951790751,0.0641080434225,0.0630823147278,0.0638088725532,0.0634669629883,0.0638516112488,0.0631250534234,0.0620993247286,0.0612018121207,0.0622702795111,0.0613727669032,0.0604325155996,0.0608171638602,0.0600906060347,0.0605179929909,0.0600051286435,0.0602615608172,0.0603470382084,0.0609026412514,0.0605607316865,0.0609026412514,0.0606889477733,0.0607744251645,0.0610308573382,0.0608599025558,0.0605607316865,0.0609881186426,0.0617146764681,0.0617146764681,0.0615864603812,0.0621848021198,0.0624839729891,0.0630395760321,0.0621848021198,0.0627404051628,0.0629113599453,0.0625694503804,0.0625694503804,0.0618856312505,0.0626976664672,0.0629113599453,0.0627404051628,0.0623130182067,0.0640225660313,0.0639370886401,0.0638943499444,0.0631250534234,0.063167792119,0.0635097016839,0.0631250534234,0.0624412342935,0.062612189076,0.0618856312505,0.0612445508163,0.0610735960338,0.0610308573382,0.0616291990768,0.0609026412514,0.0610308573382,0.0599623899479,0.0595777416873,0.0598769125566,0.060389776904,0.0599623899479,0.0601760834259,0.0601760834259,0.0606462090777,0.0615437216856,0.0616291990768,0.0621848021198,0.0629540986409,0.0629968373365,0.0630823147278,0.0634242242927,0.0623984955979,0.0623130182067,0.0615437216856,0.0608599025558,0.0612872895119,0.0602615608172,0.0604325155996,0.0604325155996,0.0599196512522,0.0600478673391,0.060389776904,0.06150098299,0.0634669629883,0.0633814855971,0.0627404051628,0.0642362595094,0.0640225660313,0.0643644755962,0.065390204291,0.0654756816822,0.0662022395077,0.065945807334,0.0650910334217,0.0654329429866,0.0653474655954,0.0652619882041,0.0648773399436,0.0646209077699,0.0641080434225,0.0646209077699,0.0641080434225,0.0629113599453,0.0620138473374,0.0621420634242,0.0623557569023,0.0630395760321,0.0640653047269,0.0627831438584,0.0629968373365,0.062612189076,0.0625267116848,0.0629113599453,0.063167792119,0.0632960082058,0.0640653047269,0.0631250534234,0.0620138473374,0.0634669629883,0.0620993247286,0.0618856312505,0.0616719377725,0.0612018121207,0.0623984955979,0.0626549277716,0.0614155055988,0.0616291990768,0.0624412342935,0.0623130182067,0.0638088725532,0.0641935208137,0.0654329429866,0.0656466364647,0.0654756816822,0.0660740234208,0.0663731942901,0.065945807334,0.0669287973331,0.0669715360287,0.066715103855,0.065603897769,0.0652192495085,0.065048294726,0.0642362595094,0.0629540986409,0.0628258825541,0.0633387469014,0.0629540986409,0.0632532695102,0.0637661338576,0.064492691683,0.0646209077699,0.0660740234208,0.0658603299427,0.0655611590734,0.0663304555945,0.0663304555945,0.0648773399436,0.0658175912471,0.0662449782033,0.0671424908112,0.0678690486366,0.0677408325498,0.0685101290709,0.0692366868963,0.068937516027,0.0681682195059,0.0695785964612,0.0688520386358,0.0684246516796,0.0680400034191,0.0676126164629,0.0674416616805,0.0670997521156,0.0679545260279,0.0686383451577,0.070048722113,0.06949311907,0.0703906316779,0.0703906316779,0.0703478929823,0.0697922899393,0.0685528677665,0.0688092999402,0.0678690486366,0.0670997521156,0.0655611590734,0.0663731942901,0.0646209077699,0.0646636464655,0.0648773399436,0.0656466364647,0.0664159329857,0.066159500812,0.0661167621164,0.0670997521156,0.0682536968972,0.0665868877682,0.0678690486366,0.0676980938542,0.0672279682024,0.0665441490726,0.0670142747243,0.0675271390717,0.0688947773314,0.0695358577656,0.0705188477648,0.0701769381998,0.0702624155911,0.0708180186341,0.0721856568938,0.0726130438499,0.0715445764595,0.0718864860244,0.0708180186341,0.0699205060262,0.0698350286349,0.0709462347209,0.0704761090692,0.0702624155911,0.0688520386358,0.0687665612446,0.0697922899393,0.0703478929823,0.0701341995042,0.0710744508078,0.0703051542867,0.0710744508078,0.0712026668946,0.0722283955894,0.0729549534148,0.0750491495,0.0762030942816,0.0775279938456,0.0787674160185,0.0799640994957,0.0808616121036,0.0833404564493,0.0856056073169,0.0867595520985,0.0886827934011,0.0897085220959,0.0919309342679,0.0930848790495,0.09346952731,0.0938114368749,0.0953927686127,0.0939396529618,0.0933413112232,0.0929566629626,0.0950081203522,0.0941106077443,0.0933840499188,0.0913753312249,0.0922728438328,0.0922301051372,0.0925292760065,0.0935122660056,0.0942815625267,0.0956492007864,0.0944097786136,0.095136336439,0.0957346781776,0.0965467133943,0.0965467133943,0.0971023164373,0.0965894520899,0.0968886229592,0.097914351654,0.0969741003505,0.0979570903496,0.0967176681768,0.0961620651338,0.0970168390461,0.0974869646978,0.0985126933926,0.0987263868707,0.0985981707838,0.0988546029575,0.0999658090435,0.0984272160014,0.0993674673049,0.100222241217,0.0999658090435,0.101333447303,0.101247969912,0.103171211215,0.103427643388,0.103299427301,0.103128472519,0.10282930165,0.104068723823,0.103555859475,0.103598598171,0.103470382084,0.103641336866,0.102401914694,0.102872040345,0.102230959911,0.101974527737,0.102786562954,0.10146166339,0.101974527737,0.102444653389,0.101333447303,0.100649628173,0.101974527737,0.101290708608,0.10077784426,0.101632618172,0.101889050346,0.102957517737,0.103812291649,0.103470382084,0.104025985127,0.104410633387,0.103598598171,0.104111462518,0.105863749038,0.104538849474,0.104282417301,0.103598598171,0.101162492521,0.100692366869,0.101718095564,0.101803572955,0.100564150782,0.100991537738,0.101205231216,0.101889050346,0.101077015129,0.101974527737,0.103726814258,0.104496110779,0.103598598171,0.104196939909,0.105308145995,0.106077442516,0.105051713822,0.105179929909,0.105692794256,0.104453372083,0.104367894692,0.10458158817,0.105094452517,0.104239678605,0.104239678605,0.104025985127,0.104410633387,0.104325155996,0.104453372083,0.105564578169,0.104709804257,0.104154201214,0.104709804257,0.104709804257,0.105991965125,0.106248397299,0.107060432516,0.107359603385,0.108128899906,0.108171638602,0.108257115993,0.109325583383,0.108257115993,0.109240105992,0.108684502949,0.109154628601,0.107829729037,0.108428070775,0.109966663817,0.110436789469,0.113300282075,0.113385759467,0.115394478161,0.115052568596,0.115351739465,0.114539704248,0.114967091204,0.116249252073,0.114667920335,0.113813146423,0.112488246859,0.11188990512,0.111847166424,0.111462518164,0.111163347295,0.112488246859,0.114924352509,0.114582442944,0.114539704248,0.11569364903,0.115180784682,0.11607829729,0.115736387725,0.115950081204,0.116633900333,0.116035558595,0.115351739465,0.115223523378,0.117189503376,0.11676211642,0.118343448158,0.119369176853,0.118386186854,0.118172493376,0.118770835114,0.118599880332,0.118386186854,0.118343448158,0.116847593811,0.116975809898,0.116206513377,0.116462945551,0.117787845115,0.120010257287,0.121463372938,0.120865031199,0.120694076417,0.120437644243,0.121420634242,0.121292418155,0.122531840328,0.121377895547,0.121677066416,0.119924779896,0.118087015984,0.118386186854,0.119924779896,0.120651337721,0.121719805112,0.123728523805,0.124241388153,0.125523549021,0.12680570989,0.128600735106,0.129840157278,0.130951363364,0.130438499017,