# R script for Peak Model
#  -- generated by MACS
p <- c(0.0268601176525,0.0313077345366,0.0356463412029,0.0398323335643,0.0446941892757,0.0438657116209,0.0439529197951,0.0442799504483,0.0439965238822,0.044585179058,0.0442145443177,0.0439311177515,0.0441927422741,0.0442145443177,0.0443671586225,0.0452392403645,0.0453918546693,0.0451302301467,0.0455008648871,0.0458496975839,0.0462203323242,0.0464601548032,0.0466127691081,0.0471360181533,0.0466127691081,0.0458278955403,0.0456316771484,0.0460677180193,0.0455226669306,0.0451302301467,0.0451520321903,0.0457842914532,0.0456316771484,0.0453918546693,0.0459587078016,0.0457406873661,0.0464383527597,0.0461549261935,0.0462421343677,0.0459369057581,0.0460895200629,0.0451084281032,0.045021219929,0.0456316771484,0.0447159913193,0.0455662710177,0.0449122097112,0.0448686056241,0.0450866260596,0.0453264485387,0.0449558137983,0.0460023118887,0.0467435813694,0.04613312415,0.0469834038484,0.0468961956742,0.0475938610678,0.0479644958081,0.0482915264614,0.0486185571146,0.0491200041162,0.0488583795936,0.0485749530275,0.0482479223743,0.0481389121565,0.0482479223743,0.0480299019388,0.0482915264614,0.0481389121565,0.0478554855904,0.0474412467629,0.0472668304145,0.0469179977178,0.0478772876339,0.0478336835468,0.0479426937646,0.0473976426758,0.0471142161097,0.0472886324581,0.0474194447194,0.047245028371,0.0474630488065,0.0479644958081,0.0475284549371,0.0475284549371,0.0473758406323,0.0476592671984,0.0475720590242,0.047245028371,0.0473104345016,0.0478336835468,0.0475720590242,0.047245028371,0.0470706120226,0.0473976426758,0.0476374651549,0.0478772876339,0.0480953080694,0.0484223387227,0.0486185571146,0.0485531509839,0.0483133285049,0.0481825162436,0.049229014334,0.0489891918549,0.0493816286388,0.0495124409001,0.0498394715533,0.0499484817711,0.0496868572485,0.0496214511179,0.0510821880356,0.0518234575163,0.0511257921227,0.0517144472986,0.0520414779518,0.0515182289066,0.0514310207324,0.0515618329937,0.0515618329937,0.0513656146018,0.0503845226421,0.0495342429437,0.0494034306824,0.0490109938985,0.0487711714194,0.0495124409001,0.0495124409001,0.0495560449872,0.0497086592921,0.049904877684,0.0501883042501,0.0500792940324,0.0508205635131,0.0509513757744,0.0500574919888,0.050340918555,0.0504717308163,0.0506897512518,0.0507333553389,0.0517362493421,0.0516272391244,0.0523031024744,0.0521068840825,0.051888863647,0.0524993208663,0.0519978738647,0.0519106656905,0.051256604384,0.0521504881696,0.0518452595599,0.0519542697776,0.0518016554728,0.0519760718212,0.0526737372147,0.0528481535631,0.0532187883035,0.0538292455228,0.0545705150035,0.0540908700454,0.0538292455228,0.0538510475664,0.0540472659583,0.0536548291744,0.0529353617373,0.0524121126921,0.0525865290405,0.0518016554728,0.0514092186889,0.0517362493421,0.052128686126,0.052324904518,0.0523031024744,0.0525865290405,0.0526083310841,0.0527827474325,0.0525865290405,0.0527827474325,0.0529353617373,0.0523903106486,0.0517144472986,0.0514964268631,0.0513656146018,0.0513656146018,0.0513438125582,0.0519106656905,0.0522376963438,0.0526083310841,0.052804549476,0.0527827474325,0.0531969862599,0.0538510475664,0.0546359211342,0.0546795252213,0.0548321395261,0.0545051088729,0.0548321395261,0.055028357918,0.0549411497438,0.055464398789,0.0555952110503,0.0553771906148,0.0555080028761,0.0562492723568,0.0566853132278,0.0568161254891,0.0571431561423,0.0567289173149,0.056772521402,0.0565108968794,0.0569905418375,0.0566635111842,0.0566199070971,0.0561402621391,0.0564672927923,0.0564672927923,0.0563146784874,0.057012343881,0.0573175724907,0.0576009990568,0.0569251357068,0.0567071152713,0.0569687397939,0.0565981050536,0.0569033336633,0.0572521663601,0.0562710744003,0.056096658052,0.0558350335294,0.0564236887052,0.0564454907487,0.0569687397939,0.0571213540988,0.0576009990568,0.0574047806649,0.0576664051875,0.058800111452,0.0586474971472,0.0597157972811,0.0593669645843,0.0602172442827,0.0605878790231,0.0598902136295,0.060348056544,0.0599992238472,0.0599556197602,0.0598902136295,0.0604788688053,0.059672193194,0.0597157972811,0.0594541727585,0.0591925482359,0.0604134626747,0.0601518381521,0.0602172442827,0.0610893260247,0.0608495035457,0.060108234065,0.0609149096763,0.0611765341989,0.0611983362425,0.0620704179844,0.0619396057231,0.0627026772473,0.0630297079006,0.0634221446845,0.0643596325571,0.065231714299,0.0650572979507,0.065231714299,0.0655151408652,0.0653407245168,0.0644032366442,0.0645776529926,0.0650136938636,0.0639889978167,0.0629643017699,0.0627898854215,0.063443946728,0.063007905857,0.0628552915522,0.0631387181183,0.0637055712506,0.0639235916861,0.0636619671635,0.0644904448184,0.0663654205636,0.0672593043491,0.0665616389555,0.0669322736959,0.0672375023056,0.0676081370459,0.0676081370459,0.0669540757394,0.0675645329588,0.0668232634781,0.0664090246507,0.066103796041,0.0664962328249,0.0669104716523,0.0683930106137,0.069439508704,0.0707258292734,0.0727098152364,0.0733856785864,0.0751734461575,0.0759801217688,0.0772446402946,0.0795338548673,0.0812562163077,0.0822591103109,0.0828477654868,0.08385065949,0.0843303044481,0.0858564474965,0.0857692393223,0.0852459902772,0.0851805841465,0.0845701269271,0.0850061677981,0.0851151780159,0.0848099494062,0.08452652284,0.0849189596239,0.0850061677981,0.0850279698417,0.0862488842804,0.0872299762401,0.0881892661563,0.088058453895,0.0883418804611,0.0894973887692,0.0907401052515,0.0909363236435,0.0907837093386,0.0914377706451,0.091394166558,0.0915467808629,0.0914595726887,0.0908927195564,0.0900206378144,0.0897808153354,0.0897808153354,0.0887779213321,0.0884726927224,0.0887125152015,0.0898026173789,0.0897372112483,0.0894973887692,0.0906092929903,0.0910235318177,0.0909145215999,0.0908055113822,0.0919174156032,0.0921572380822,0.0925278728226,0.0917866033419,0.092702289171,0.0937051831742,0.0942938383501,0.0955583568759,0.0962124181824,0.0963650324872,0.0966920631405,0.0974551346647,0.0983272164066,0.0979783837099,0.0985234347986,0.0981528000583,0.0977603632744,0.097825769405,0.0975205407953,0.0974333326211,0.0984580286679,0.0982836123195,0.0979783837099,0.0994173185841,0.0987414552341,0.0991774961051,0.100245796239,0.100572826892,0.102098969941,0.102535010812,0.101292294329,0.101139680024,0.101859147462,0.102295188333,0.102840239421,0.103276280292,0.102753031247,0.102382396507,0.101684731113,0.102120771984,0.103472498684,0.1044317886,0.104649809036,0.104170164078,0.104846027428,0.105194860125,0.106263160259,0.107767501263,0.10872679118,0.108879405484,0.109337248399,0.110492756707,0.109838695401,0.111190422101,0.110906995535,0.111931691581,0.112651159018,0.112127909973,0.113283418281,0.114656947025,0.114765957243,0.114831363373,0.115965069638,0.11646651664,0.117076973859,0.11714237999,0.11720778612,0.117098775902,0.115965069638,0.116292100291,0.116706339119,0.117861847427,0.119104563909,0.119475198649,0.119431594562,0.119671417041,0.120434488565,0.12187342344,0.123181546053,0.122723703138,0.123094337878,0.122026037745,0.121589996874,0.121764413222,0.123508576706,0.12488210545,0.124511470709,0.124664085014,0.12488210545,0.125427156538,0.125906801496,0.126342842367,0.126212030106,0.126430050541,0.125950405583,0.126037613758,0.127672767024,0.128544848766,0.12930792029,0.130616042903,0.132447414561,0.134213380089,0.136219168095,0.137941529535,0.139227850105,0.139097037844,0.139162443974,0.139729297106,0.140470566587,0.141865897374,0.141626074895,0.14214932394,0.141844095331,0.141974907592,0.142410948463,0.14380627925,0.144285924208,0.144503944644,0.145288818212,0.145027193689,0.146095493823,0.146466128563,0.147447220523,0.147839657307,0.148733541092,0.149256790137,0.150368694358,0.150717527055,0.150957349534,0.151676816971,0.152570700757,0.153377376368,0.154293062197,0.155426768462,0.156713089031,0.158435450472,0.159787177172,0.161531340656,0.162861265312,0.16297027553,0.162403422398,0.163755149098,0.164431012448,0.165651926886,0.16739609037,0.167221674022,0.16702545563,0.167832131241,0.167505100588,0.169445482464,0.170513782598,0.171473072514,0.172890205345,0.174220130001,