# R script for Peak Model
#  -- generated by MACS
p <- c(0.0252437637262,0.0294108178872,0.0334705659325,0.0376912731513,0.0419388068991,0.0421578902187,0.0419432779872,0.0418583273123,0.0420282286622,0.0420282286622,0.0419611623398,0.0421355347779,0.0422473119818,0.0422607252463,0.0423859157146,0.0425915857698,0.0426586520921,0.0427838425605,0.042770429296,0.0425960568579,0.0425781725053,0.0425245194474,0.0423769735383,0.0421891878358,0.0421042371608,0.0421176504253,0.0424976929185,0.042654181004,0.0425737014172,0.0427972558249,0.0428330245302,0.042828553442,0.0432846044339,0.0435349853706,0.0435796962522,0.0434634479601,0.0434679190483,0.0432488357286,0.0435841673403,0.0435886384285,0.0434097949022,0.0435975806048,0.043490274489,0.0436870023679,0.0437227710731,0.0436288782219,0.0434366214312,0.0435305142824,0.0436378203982,0.0437540686902,0.0442414172992,0.04409387139,0.0439642098335,0.043977623098,0.0441251690071,0.0442995414452,0.044496269324,0.04472429482,0.0443666077675,0.0443621366794,0.0441654088005,0.0444917982359,0.0447198237318,0.0447287659081,0.0445901621753,0.0445588645582,0.0446035754398,0.0445722778227,0.044925493787,0.044925493787,0.0448807829054,0.0450238577264,0.0450551553435,0.0448852539936,0.0450193866382,0.0453234206328,0.0451490481948,0.0449612624922,0.0448003033186,0.0448271298476,0.0449612624922,0.0444068475609,0.0444560295306,0.0448584274646,0.0449120805225,0.0447555924371,0.0448181876712,0.0450059733738,0.0451892879882,0.0451624614592,0.0450819818724,0.0454083713078,0.0453144784565,0.0449478492278,0.0450149155501,0.0448271298476,0.0446035754398,0.0450059733738,0.0446035754398,0.0443844921202,0.0444292030017,0.0444739138833,0.0443576655912,0.0447287659081,0.0446885261147,0.0447913611423,0.0450104444619,0.0448628985528,0.0452787097513,0.0455156774235,0.0455559172169,0.0454664954538,0.0455335617761,0.045444140013,0.0457481740076,0.0461416297653,0.046190811735,0.0463964817902,0.0464993168177,0.0462802334981,0.0465261433467,0.0466692181676,0.0471476246003,0.0473264681265,0.0471789222174,0.0470000786912,0.047138682424,0.0469508967214,0.046852532782,0.0476305021211,0.0474024766252,0.0475276670935,0.0473264681265,0.0473935344488,0.0475097827409,0.0474740140356,0.0477333371487,0.0477825191184,0.0481938592287,0.0480641976722,0.0486186126035,0.0486499102205,0.0489002911573,0.0487393319837,0.0486543813087,0.0491864407992,0.0491551431821,0.0492892758268,0.0493742265017,0.0492445649452,0.0489539442151,0.0491193744769,0.0492177384163,0.0494815326175,0.0495798965569,0.04920879624,0.0493384577965,0.0493563421491,0.0489539442151,0.048949473127,0.0492803336505,0.0494860037056,0.0493116312676,0.0493071601794,0.0497989798765,0.049611194174,0.0495843676451,0.0498973438159,0.0502371465158,0.0503802213367,0.0501745512816,0.0499375836093,0.0503444526315,0.0505232961577,0.0501119560474,0.0507870903589,0.0508273301523,0.0506395444498,0.0507557927418,0.0510285291193,0.0514085716125,0.0516500103729,0.0515874151387,0.0517528454005,0.0521060613648,0.0519227467504,0.0521999542161,0.0521552433345,0.0523162025081,0.0522759627147,0.0521328878937,0.0524100953594,0.0521463011582,0.0520613504832,0.0521015902766,0.0522491361858,0.0521463011582,0.052486103858,0.0524190375357,0.0524995171225,0.052745426971,0.0523475001252,0.0528706174394,0.0530539320538,0.0530852296709,0.0530807585827,0.0532730153734,0.0532596021089,0.0532864286379,0.053433974547,0.0534742143404,0.0539749762138,0.0538855544507,0.0540107449191,0.054381845236,0.0546456394371,0.0548826071094,0.055186641104,0.0557589403879,0.0558260067102,0.0561613383219,0.0562775866139,0.0563714794652,0.0566799845479,0.0562597022613,0.0562865287902,0.0565860916967,0.0568051750163,0.0568498858978,0.0571539198924,0.0568588280741,0.0568141171926,0.0572120440384,0.0572254573029,0.057601028708,0.0580168399064,0.0578737650855,0.0579497735841,0.0579453024959,0.0582314521379,0.0585265439562,0.0586919742179,0.0586606766008,0.0587456272758,0.0590809588875,0.0590049503888,0.0590854299756,0.059210620444,0.0589691816836,0.059009421477,0.0592240337084,0.0593939350583,0.0596219605543,0.059586191849,0.0598321016976,0.0601719043974,0.0603641611881,0.0607442036813,0.0613343873178,0.0615892393427,0.0618977444254,0.0623716797699,0.0624119195633,0.0629037392604,0.0629529212302,0.0629082103486,0.0630512851696,0.0633195504589,0.0635028650733,0.0635073361614,0.0637934858034,0.0637308905692,0.0642763633242,0.0641377595914,0.0645356864372,0.0649202000186,0.0651661098672,0.0649917374291,0.0651929363961,0.0654164908039,0.0655774499775,0.06576523568,0.0656400452116,0.066024558793,0.0661631625258,0.0662436421126,0.0666147424296,0.0669456029531,0.0671825706253,0.0675491998541,0.0676207372646,0.067862176025,0.0682466896063,0.068322698105,0.0683182270168,0.068666971893,0.0689620637112,0.0690112456809,0.0693957592623,0.0698562813423,0.0700887779264,0.0709025159707,0.0717073118387,0.0727177777619,0.0732006552827,0.0736924749798,0.0744838575833,0.075565860917,0.0758072996774,0.0761202758483,0.0768267077768,0.0769921380386,0.0769876669504,0.0769831958623,0.0776672723501,0.0783647621023,0.0788878794165,0.0789773011797,0.0795004184939,0.0797105596372,0.0801442551883,0.0804169915657,0.0810027041141,0.0815481768691,0.0817538469242,0.0821428315938,0.0821607159464,0.082464749941,0.0829744539907,0.0832293060156,0.0834528604234,0.0839223246797,0.0840877549414,0.0842397719387,0.0844901528754,0.0847226494595,0.0846064011675,0.0849462038673,0.085022212366,0.0854916766223,0.0860237361128,0.0865513245152,0.0869939622426,0.0873292938542,0.087669096554,0.0875617904383,0.088415768276,0.0886616781246,0.0889344145021,0.0891758532625,0.0895022426978,0.0897213260174,0.0903696338,0.0908256847919,0.091259380343,0.0917288445993,0.0918450928913,0.0921357136214,0.0927348394343,0.0931327662801,0.0935485774786,0.0938660247376,0.093848140385,0.0940359260875,0.0939867441178,0.0946752916938,0.0952475909777,0.0951179294212,0.0951626403027,0.0956097491183,0.0957125841459,0.0957394106748,0.0960792133746,0.0969644888294,0.0977469292567,0.0980867319565,0.0984310057445,0.0995308934307,0.0999914155107,0.100416168886,0.100505590649,0.100881162054,0.101189667136,0.101243320194,0.101779850773,0.102155422178,0.102231430677,0.102307439175,0.102750076903,0.103107763955,0.103988568322,0.104887257041,0.105361192386,0.106000557992,0.106089979755,0.106407427014,0.106921602152,0.107569909934,0.108495425183,0.108982773792,0.109438824783,0.109318105403,0.1101497278,0.110435877442,0.110954523668,0.111392690307,0.112175130735,0.113163241217,0.113579052415,0.114433030253,0.115202057416,0.116467375364,0.117258757967,0.117933892279,0.118582200062,0.119203681315,0.120102370034,0.120446643822,0.120808801963,0.120875868285,0.121774557005,0.122235079085,0.12261065049,0.122771609663,0.124059283052,0.124716533011,0.12491326089,0.125038451358,0.12549450235,0.126661456359,0.126737464857,0.127032556676,0.127542260725,0.12871815691,0.129071372874,0.129840400037,0.130229384707,0.131575182242,0.132455986608,0.133184773978,0.133904619171,0.135062631003,0.135898724488,0.13659621424,0.137195340053,0.137606680163,0.138934593346,0.139471123924,0.140709615343,0.14163960168,0.142551703663,0.142873622011,0.143441450206,0.143629235909,0.144496627011,0.145632283403,0.146387897301,0.147519082604,0.148279167591,0.149052665842,0.149768039946,0.150657786489,0.151811327234,0.153112413887,0.15400216043,0.154945560031,0.156121456216,0.156792119439,0.157596915307,0.158374884646,0.159050018957,0.16020803079,0.161272149771,0.16222002046,0.163132122443,0.16418282816,0.165238004965,0.166221644359,0.167182928312,0.168412477555,0.170245623699,0.171756851495,0.172329150779,0.173607881992,0.174676472061,0.175897079128,0.176916487227,0.178311466732,0.179326403743,0.180238505727,0.181226616209,0.182554529391,0.184271427243,0.185389199282,0.18643543391,0.187365420247,0.188586027313,0.189958651377,0.192149484573,0.193884266777,0.195239006488,0.196271827852,0.197376186627,0.198990249451,0.201212380264,0.203148361436,0.204194596064,0.20522294634,