# R script for Peak Model
#  -- generated by MACS
p <- c(0.0287740595338,0.0338104004314,0.0379662621511,0.0427912880459,0.0485320122859,0.0477924097764,0.0481446014476,0.0482150397818,0.0477924097764,0.0487081081214,0.0487081081214,0.0484615739516,0.0494477106309,0.0497294639678,0.0487785464557,0.0498351214691,0.0490250806255,0.0480741631133,0.0478980672778,0.0469471497656,0.0472641222697,0.0477219714422,0.0477219714422,0.0478628481107,0.0481446014476,0.0480389439462,0.0487081081214,0.0492363956282,0.0494124914638,0.0502225323074,0.0500112173047,0.0494477106309,0.0488137656228,0.0479332864449,0.0474754372724,0.047052807267,0.0469119305985,0.0478628481107,0.0482150397818,0.0475106564395,0.0474049989381,0.0480389439462,0.0489194231241,0.0489194231241,0.0486728889543,0.049482929798,0.0497646831349,0.048884203957,0.0483911356174,0.0492716147953,0.0497646831349,0.0493420531295,0.0489546422912,0.0495885872993,0.0504690664772,0.0499055598034,0.0484967931187,0.0481446014476,0.0491659572939,0.0488137656228,0.0485320122859,0.0488137656228,0.0486728889543,0.0490602997926,0.0489194231241,0.0489898614584,0.0501520939732,0.0503634089759,0.0494124914638,0.0492363956282,0.0495181489651,0.0493772722966,0.0500112173047,0.0496590256336,0.0494477106309,0.049799902302,0.0499055598034,0.0499407789705,0.0496942448007,0.0503281898088,0.0506099431457,0.0507508198142,0.0505042856444,0.0504690664772,0.0510677923182,0.0512791073209,0.0506451623128,0.050715600647,0.0513847648223,0.0517369564934,0.0518426139948,0.0523709015015,0.051314326488,0.0508212581484,0.0501520939732,0.0492363956282,0.0493772722966,0.0497294639678,0.0492716147953,0.0483206972832,0.0470175880999,0.0466301772616,0.0467710539301,0.0475106564395,0.0476867522751,0.0483206972832,0.048567231453,0.0488489847899,0.0494477106309,0.0501520939732,0.0507860389813,0.0501520939732,0.0506803814799,0.050997353984,0.0508916964826,0.0508916964826,0.0508212581484,0.0508212581484,0.0512438881538,0.0502929706417,0.0505042856444,0.0515256414907,0.0515960798249,0.0505395048115,0.0502577514745,0.0499055598034,0.0492716147953,0.048567231453,0.0476867522751,0.0482150397818,0.0479332864449,0.0465597389274,0.0468767114314,0.0481446014476,0.0486024506201,0.0487785464557,0.0501520939732,0.0505747239786,0.0506099431457,0.0504690664772,0.0500112173047,0.0505747239786,0.0493772722966,0.0488137656228,0.0486728889543,0.0490602997926,0.0482150397818,0.0482150397818,0.0481446014476,0.0482150397818,0.048884203957,0.0483206972832,0.0492716147953,0.0489546422912,0.0496942448007,0.0494124914638,0.0501520939732,0.0502929706417,0.050715600647,0.0505042856444,0.0507508198142,0.0515608606578,0.0520539289975,0.0524765590028,0.0524061206686,0.0528639698411,0.0520891481646,0.0514904223236,0.050997353984,0.0514199839894,0.0515608606578,0.0507508198142,0.0502577514745,0.050081655639,0.0505395048115,0.0502225323074,0.0502929706417,0.0511734498196,0.0516312989921,0.0520891481646,0.0513495456551,0.0519482714961,0.0523356823344,0.0525822165042,0.0513495456551,0.052230024833,0.0519834906632,0.0518426139948,0.0521243673317,0.0514904223236,0.0518778331619,0.0520891481646,0.0512791073209,0.0501520939732,0.0507860389813,0.0493772722966,0.0492363956282,0.0492716147953,0.0482502589489,0.0484967931187,0.0490250806255,0.0486728889543,0.0489194231241,0.0506451623128,0.0505042856444,0.0516312989921,0.0529344081754,0.0529696273425,0.0541670790244,0.0545192706956,0.0538148873533,0.0538148873533,0.0540966406902,0.0534979148492,0.0545544898627,0.0539557640217,0.053427476515,0.0538501065204,0.0543079556929,0.0533922573479,0.0538853256875,0.0543783940271,0.0544840515285,0.0539205448546,0.0524061206686,0.0524765590028,0.0525822165042,0.0514904223236,0.0506803814799,0.0512086689867,0.0512438881538,0.0508564773155,0.050997353984,0.0516665181592,0.052230024833,0.0524765590028,0.0519482714961,0.0522652440002,0.0516665181592,0.0515960798249,0.0515960798249,0.0520187098303,0.0515608606578,0.0512438881538,0.0515608606578,0.0514199839894,0.0513495456551,0.0518778331619,0.0520891481646,0.0527230931727,0.0527583123398,0.0533922573479,0.0539205448546,0.0540966406902,0.05434317486,0.0546953665312,0.0554349690406,0.0554701882077,0.0556815032104,0.054941900701,0.0542375173586,0.0539557640217,0.0545897090298,0.0550827773694,0.0545897090298,0.0545897090298,0.0546953665312,0.054660147364,0.0551179965365,0.0566324207225,0.0577242149031,0.0574776807333,0.0571959273964,0.0570198315608,0.057090269895,0.057372023232,0.0565972015554,0.0570198315608,0.0572663657306,0.0559280373802,0.0556110648762,0.0558928182131,0.0558223798789,0.0557519415446,0.0553645307064,0.0549066815339,0.0549771198681,0.0544136131942,0.053744449019,0.0544840515285,0.0551532157037,0.0546249281969,0.0551884348708,0.0552940923721,0.0565267632212,0.0565972015554,0.0573015848977,0.0575481190676,0.0578650915716,0.057688995736,0.0574072423991,0.0582525024099,0.057688995736,0.0587807899166,0.059802145763,0.061034816612,0.0619857341242,0.0634297199759,0.0649089249948,0.0661415958439,0.0673742666929,0.0689943483803,0.0700861425608,0.0705439917334,0.0705439917334,0.0705439917334,0.0717766625824,0.0713188134099,0.0715653475797,0.0723401692563,0.0723049500892,0.0721992925878,0.0727275800945,0.0725867034261,0.0728332375959,0.0736080592724,0.0725162650919,0.0726923609274,0.0728332375959,0.0727627992617,0.072868456763,0.0727980184288,0.0726923609274,0.0729036759301,0.0717766625824,0.0719879775851,0.0727627992617,0.0733615251026,0.0735024017711,0.0735728401053,0.0735376209382,0.0733967442698,0.0738193742751,0.0735024017711,0.0738545934423,0.074065908445,0.0736432784396,0.0737137167738,0.073467182604,0.073467182604,0.0735728401053,0.0744885384503,0.0742772234477,0.07498160679,0.0756155517981,0.0759325243021,0.0761790584719,0.0776230443237,0.0793135643452,0.0792783451781,0.0793487835124,0.0787148385043,0.0791726876768,0.0801940435231,0.0803349201916,0.0801236051889,0.0808984268655,0.0806166735285,0.0797714135178,0.0794896601808,0.0802292626903,0.0809688651997,0.0808279885312,0.0808279885312,0.081356276038,0.0825537277199,0.083187672728,0.0832933302294,0.0833637685636,0.0833989877307,0.0839624944046,0.0844203435771,0.0848077544153,0.0840681519059,0.0836103027334,0.0823424127172,0.0818493443776,0.0817436868762,0.0818141252105,0.0824832893857,0.0816028102078,0.0811801802024,0.0812153993695,0.0809336460326,0.0827298235555,0.0835398643992,0.0852656035878,0.085617795259,0.0866743702725,0.0869209044423,0.0878718219544,0.0890340544693,0.089562341976,0.0905132594881,0.0900906294827,0.0897032186445,0.0887170819652,0.0890692736364,0.088963616135,0.0906893553237,0.0911472044962,0.0912880811647,0.0922389986768,0.0934012311916,0.0932603545232,0.0949508745447,0.0959722303911,0.0961131070596,0.0965709562321,0.0957961345555,0.09562003872,0.0957256962213,0.096253983728,0.0962187645609,0.0966413945663,0.0964652987307,0.0967470520677,0.0964652987307,0.0951974087146,0.09562003872,0.0970288054046,0.0982966954208,0.0985784487577,0.0981910379194,0.0988249829275,0.0999872154423,0.0995645854369,0.100902913787,0.103720447157,0.105551843847,0.106150569688,0.104953118006,0.105305309677,0.106678857194,0.107559336372,0.106819733863,0.109144198892,0.108827226388,0.108545473052,0.108615911386,0.108228500547,0.109038541391,0.109320294728,0.109919020569,0.111257348919,0.112278704766,0.111468663922,0.112736553938,0.113335279779,0.114603169795,0.115166676469,0.115589306475,0.118864689017,0.119850825696,0.11992126403,0.120449551537,0.121048277378,0.12224572906,0.123654495744,0.122985331569,0.125204139097,0.125732426604,0.124816728259,0.125309796599,0.1254154541,0.126577686615,0.127810357464,0.127775138297,0.128338644971,0.129641754154,0.129465658318,0.130980082504,0.131966219184,0.1332341092,0.134642875884,0.135805108399,0.13738997092,0.139397463445,0.139925750952,0.141757147642,0.143412448496,0.144785996014,0.145490379356,0.146194762699,0.146899146041,0.147427433548,0.148448789394,0.149012296068,0.150139309416,0.150526720254,0.150738035256,0.15204114444,0.15337947279,