>TATCTTATCAGC	3-TATCTTATCAGC	8.068415	-187.376507	0	T:85.0(17.00%),B:363.9(0.82%),P:1e-81
0.150	0.115	0.153	0.582
0.470	0.265	0.093	0.172
0.051	0.076	0.134	0.739
0.032	0.761	0.131	0.076
0.001	0.111	0.001	0.887
0.096	0.039	0.092	0.773
0.802	0.070	0.095	0.033
0.076	0.057	0.038	0.829
0.038	0.905	0.019	0.038
0.809	0.019	0.019	0.153
0.057	0.134	0.751	0.058
0.001	0.696	0.153	0.150
