# R script for Peak Model
#  -- generated by MACS
p <- c(0.0283729184707,0.0329729832228,0.0378188529616,0.0423135727193,0.0467848824783,0.0465273724922,0.0461294025136,0.0463283875029,0.045696317537,0.0459889425212,0.0464220274979,0.0467263574814,0.046679537484,0.046808292477,0.0469955724669,0.0469370474701,0.0467731774789,0.0465976024884,0.0471828524568,0.0467497674802,0.0470892124619,0.0463517975016,0.0463400925023,0.0462113375092,0.0462698625061,0.0461996325098,0.0465624874903,0.046363502501,0.0457665475332,0.0455207425464,0.0452047075635,0.0463283875029,0.046457142496,0.0467965874777,0.0471828524568,0.0475808224354,0.0473701324467,0.047791512424,0.0478149224228,0.0481309574057,0.0478266274221,0.047569117436,0.0474871824404,0.0473935424455,0.0471945574562,0.0467497674802,0.0472296724543,0.0471126224606,0.0476159374335,0.0478617424203,0.0484118773906,0.0484118773906,0.0481426624051,0.0482480073994,0.0479787924139,0.0485172223849,0.0482948273969,0.0483416473944,0.048552337383,0.0485640423824,0.0485874523811,0.0486810923761,0.0488917823647,0.0486342723786,0.0487162073742,0.0484001723912,0.0485874523811,0.0480724324089,0.0482245974007,0.0479553824152,0.0479904974133,0.0480256124114,0.0479670874146,0.048201187402,0.0483650573931,0.0485757473818,0.0483182373956,0.0491024723534,0.0488800773654,0.0488332573679,0.0491024723534,0.0489268973628,0.0487396173729,0.0481309574057,0.0478500374209,0.0479553824152,0.0479670874146,0.0479670874146,0.0480958424076,0.0478617424203,0.0473116074499,0.0475457074373,0.0478149224228,0.0486810923761,0.0490322423572,0.0494419173351,0.049629197325,0.0497696573174,0.0494536223344,0.0496409023244,0.0497696573174,0.049406802337,0.0501208072985,0.0499686423067,0.0500388723029,0.0494185073363,0.0493716873389,0.0488449623673,0.0487045023748,0.0488800773654,0.0490322423572,0.0493599823395,0.0484586973881,0.0487630273717,0.0489268973628,0.0489503073616,0.0488215523685,0.0488098473691,0.0490790623546,0.0491727023496,0.0493482773401,0.0491492923509,0.0495004423319,0.0493716873389,0.0495004423319,0.0495238523307,0.0498398873136,0.0502612672909,0.0506007122726,0.0506241222714,0.0503314972871,0.0502495622915,0.050390022284,0.0500973972998,0.0494419173351,0.0493599823395,0.0494302123357,0.0494185073363,0.0493482773401,0.0495472623294,0.0498984123105,0.0504368422815,0.0502495622915,0.0504485472808,0.0511625522423,0.0513381272329,0.0512210772392,0.0517478022108,0.0513381272329,0.0513264222335,0.0517946222083,0.0514551772266,0.051595637219,0.0520053121969,0.0520521321944,0.0522042971862,0.0523798721767,0.0516541622158,0.0521223621906,0.0522745271824,0.0518063272076,0.0518297372064,0.0517829172089,0.0518531472051,0.0519467872001,0.0518531472051,0.0515722272203,0.052040427195,0.0522862321818,0.0527544321565,0.0530470571408,0.0533513871244,0.053655717108,0.0534684371181,0.0534918471168,0.0534567321187,0.0539015220947,0.0538312920985,0.0540888020846,0.0534684371181,0.0526842021603,0.0525671521666,0.0527778421553,0.0527661371559,0.0528129571534,0.0534684371181,0.0533865021225,0.0535035521162,0.05324604213,0.0531289921363,0.0536206021098,0.0535854871117,0.0533747971231,0.0535035521162,0.0533982071218,0.052801252154,0.0533747971231,0.0533279771256,0.0539483420922,0.0546740520531,0.0549081520405,0.054638937055,0.0548145120455,0.0550954320304,0.0550954320304,0.0556572720001,0.05584455199,0.0559264869856,0.0556923869982,0.0560084219811,0.0557392069957,0.0563946869603,0.0567809519395,0.0569097069326,0.0573193819105,0.0571672169187,0.0573427919092,0.0576120068947,0.0575768918966,0.0568511819357,0.0578695168808,0.0580802068695,0.0578226968834,0.0576939418903,0.0573310869099,0.0574832519017,0.0572374469149,0.0571086919218,0.0571438069199,0.0573076769111,0.056605376949,0.0567926569389,0.0569448219307,0.056827771937,0.0570267569263,0.0570384619256,0.0569331169313,0.0573427919092,0.0576120068947,0.0576939418903,0.0578578118815,0.0574364319042,0.0573896119067,0.0573896119067,0.0577992868846,0.0583377168556,0.058571816843,0.0586069318411,0.0584079468518,0.0586537518386,0.058700571836,0.0588410318285,0.0587473918335,0.0593092318032,0.0592507068064,0.0592272968076,0.0592272968076,0.0598359567748,0.0606318967319,0.0607255367269,0.0609362267155,0.0614629516871,0.0620716116543,0.0619779716594,0.0618141016682,0.0622003666474,0.0627856166159,0.0625632216278,0.0622120716468,0.0621067266524,0.0626334516241,0.0624344666348,0.0622471866449,0.0629026666095,0.0636751965679,0.0639092965553,0.0644126115282,0.0647754665086,0.0646584165149,0.0651032064909,0.0646818265136,0.0648222865061,0.0655831114651,0.0651500264884,0.0647520565099,0.0646467115155,0.0640965765452,0.063932706554,0.064248741537,0.0647520565099,0.0653607164771,0.0657586864556,0.0655597014663,0.065992786443,0.0667419064026,0.066437576419,0.0670930563837,0.0674559113641,0.0679475213376,0.0684859513086,0.0692818912657,0.0705460311976,0.0720793861149,0.0730157860644,0.0742096960001,0.0766677458676,0.0781542807875,0.0799334406916,0.0813497456152,0.0827543455395,0.0837258604872,0.084767605431,0.085399675397,0.0864531253402,0.0869213253149,0.0865233553364,0.0867106353263,0.0869798503118,0.0875651002802,0.0878460202651,0.0887590102159,0.0887238952178,0.0888994702083,0.0894964251761,0.0899295101528,0.0909478450979,0.0908776151017,0.0911351250878,0.0911702400859,0.0918491300493,0.0917203750563,0.0920715250373,0.0922588050273,0.0919427700443,0.0922588050273,0.0918491300493,0.0923407400228,0.0920832300367,0.092188575031,0.0920012950411,0.0919427700443,0.0920949350361,0.0927387100014,0.0930313349856,0.093043039985,0.0930898599825,0.0933239599698,0.0929142849919,0.0929845149881,0.0933590749679,0.093581469956,0.0940496699307,0.0943891149124,0.0946466248985,0.0950445948771,0.0957000748418,0.0957000748418,0.0972568397579,0.0983922246967,0.0981230097112,0.0987667846765,0.0987784896758,0.0983922246967,0.0991179346575,0.099480789638,0.100452304586,0.100815159566,0.100428894587,0.100288434594,0.100639584576,0.101178014547,0.101739854516,0.10260602447,0.102957174451,0.103273209434,0.103448784424,0.103507309421,0.103928689398,0.10351901442,0.104806564351,0.104982139341,0.105637619306,0.105146009333,0.104900204346,0.104993844341,0.104724629355,0.104923614345,0.104970434342,0.105602504308,0.104865089348,0.105087484336,0.104408594372,0.105415224318,0.105965359288,0.106445264263,0.106480379261,0.107135859225,0.108072259175,0.109195939114,0.10983971408,0.110179159061,0.11113896901,0.110530309042,0.110787819029,0.111408183995,0.11243822394,0.113386328888,0.113889643861,0.113959873858,0.114428073832,0.115106963796,0.115329358784,0.116207233736,0.116640318713,0.116499858721,0.116371103728,0.116453038723,0.117202158683,0.118044918637,0.118665283604,0.118829153595,0.118817448596,0.11947292856,0.120104998526,0.120397623511,0.12152130345,0.121942683427,0.122305538408,0.122902493376,0.123323873353,0.123323873353,0.123803778327,0.123780368328,0.124178338307,0.125348838244,0.125126443256,0.125278608247,0.125021098261,0.125079623258,0.125524413234,0.127853708109,0.128673058065,0.12967968801,0.130253232979,0.130147887985,0.130721432954,0.131973867887,0.132430362862,0.132886857837,0.132500592858,0.131552487909,0.132629347851,0.133741322791,0.134174407768,0.135005462723,0.136094027665,0.136351537651,0.137685907579,0.138739357522,0.139745987468,0.140272712439,0.141326162383,0.141642197365,0.142168922337,0.14304679729,0.143725687253,0.144556742208,0.144650382203,0.145282452169,0.146792397088,0.147377647056,0.147705387039,0.148009717022,0.149098281964,0.149437726945,0.149320676952,0.150034681913,0.150935966865,0.151497806834,0.152059646804,0.152925816757,0.153276966738,0.154213366688,0.154939076649,0.155430686622,0.157525881509,0.157795096495,0.159059236427,0.159468911405,0.159749831389,0.160569181345,0.161025676321,0.161880141275,0.163319856197,0.164853211114,0.165789611064,0.167849690953,0.167779460957,0.169324520873,0.170331150819,0.171115385777,0.172648740694,0.173023300674,0.172988185676,0.174896100573,0.174439605598,0.174966330569,0.176768900472,