>CTTGAGTGGC	1-CTTGAGTGGC	6.114216	-146.254294	0	T:170.0(34.00%),B:3602.3(7.63%),P:1e-63	Tpos:49.7,Tstd:24.6,Bpos:50.0,Bstd:32.5,StrandBias:0.1,Multiplicity:1.22
0.044	0.759	0.112	0.085
0.040	0.073	0.039	0.848
0.073	0.120	0.143	0.664
0.156	0.029	0.792	0.023
0.947	0.013	0.016	0.024
0.021	0.036	0.899	0.044
0.148	0.021	0.007	0.824
0.067	0.007	0.915	0.011
0.053	0.102	0.705	0.140
0.109	0.650	0.092	0.149
>GTGCTGACAG	2-GTGCTGACAG	7.603557	-115.971712	0	T:92.0(18.40%),B:1152.8(2.44%),P:1e-50	Tpos:52.0,Tstd:26.5,Bpos:48.7,Bstd:32.1,StrandBias:0.0,Multiplicity:1.10
0.077	0.143	0.690	0.090
0.084	0.051	0.083	0.782
0.016	0.072	0.876	0.036
0.116	0.622	0.102	0.160
0.045	0.061	0.058	0.836
0.035	0.035	0.902	0.028
0.782	0.045	0.034	0.139
0.033	0.838	0.087	0.042
0.890	0.014	0.032	0.064
0.082	0.074	0.788	0.056
>TAGGGTTAGG	3-TAGGGTTAGG	10.296193	-94.150519	0	T:25.0(5.00%),B:23.9(0.05%),P:1e-40	Tpos:50.4,Tstd:26.0,Bpos:37.8,Bstd:27.0,StrandBias:2.5,Multiplicity:14.40
0.100	0.100	0.100	0.700
0.700	0.100	0.100	0.100
0.100	0.100	0.700	0.100
0.100	0.100	0.700	0.100
0.100	0.100	0.700	0.100
0.100	0.100	0.100	0.700
0.100	0.100	0.100	0.700
0.700	0.100	0.100	0.100
0.100	0.100	0.700	0.100
0.100	0.100	0.700	0.100
>CCTTATCTGG	4-CCTTATCTGG	7.095292	-67.563493	0	T:72.0(14.40%),B:1295.4(2.74%),P:1e-29	Tpos:48.4,Tstd:24.7,Bpos:49.3,Bstd:30.7,StrandBias:0.1,Multiplicity:1.03
0.086	0.684	0.065	0.165
0.062	0.824	0.034	0.080
0.001	0.068	0.001	0.930
0.042	0.052	0.001	0.905
0.773	0.049	0.106	0.072
0.069	0.034	0.029	0.868
0.042	0.907	0.001	0.050
0.204	0.022	0.024	0.750
0.069	0.061	0.660	0.210
0.030	0.127	0.705	0.138
>NTVRAGTGSV	5-NTVRAGTGSV	6.165937	-45.122794	0	T:36.0(7.20%),B:450.0(0.95%),P:1e-19	Tpos:48.6,Tstd:26.8,Bpos:49.1,Bstd:31.2,StrandBias:-0.3,Multiplicity:1.00
0.313	0.184	0.246	0.257
0.063	0.114	0.001	0.822
0.260	0.402	0.337	0.001
0.324	0.187	0.379	0.109
0.590	0.121	0.066	0.223
0.289	0.017	0.693	0.001
0.001	0.001	0.333	0.665
0.202	0.091	0.550	0.157
0.101	0.460	0.373	0.065
0.313	0.292	0.353	0.042
>TTGGGGCCGA	6-TTGGGGCCGA	10.296193	-33.906751	0	T:6.0(1.20%),B:1.7(0.00%),P:1e-14	Tpos:64.8,Tstd:28.1,Bpos:72.6,Bstd:27.6,StrandBias:1.0,Multiplicity:1.00
0.100	0.100	0.100	0.700
0.100	0.100	0.100	0.700
0.100	0.100	0.700	0.100
0.100	0.100	0.700	0.100
0.100	0.100	0.700	0.100
0.100	0.100	0.700	0.100
0.100	0.700	0.100	0.100
0.100	0.700	0.100	0.100
0.100	0.100	0.700	0.100
0.700	0.100	0.100	0.100
>AAAACGATAA	7-AAAACGATAA	10.346409	-29.756832	0	T:6.0(1.20%),B:2.7(0.01%),P:1e-12	Tpos:58.5,Tstd:30.3,Bpos:28.4,Bstd:20.3,StrandBias:0.0,Multiplicity:1.00
0.997	0.001	0.001	0.001
0.997	0.001	0.001	0.001
0.997	0.001	0.001	0.001
0.997	0.001	0.001	0.001
0.001	0.991	0.001	0.007
0.001	0.001	0.997	0.001
0.827	0.001	0.001	0.171
0.001	0.001	0.179	0.819
0.997	0.001	0.001	0.001
0.997	0.001	0.001	0.001
>AAATGATAAG	8-AAATGATAAG	8.815050	-27.512175	0	T:14.0(2.80%),B:86.0(0.18%),P:1e-11	Tpos:58.1,Tstd:27.0,Bpos:45.6,Bstd:31.8,StrandBias:0.0,Multiplicity:1.43
0.964	0.001	0.034	0.001
0.997	0.001	0.001	0.001
0.997	0.001	0.001	0.001
0.001	0.001	0.001	0.997
0.001	0.001	0.997	0.001
0.997	0.001	0.001	0.001
0.001	0.225	0.038	0.736
0.783	0.001	0.215	0.001
0.997	0.001	0.001	0.001
0.228	0.001	0.736	0.035
