>CTTGAGTGGC	1-CTTGAGTGGC	6.114216	-146.254294	0	T:170.0(34.00%),B:3602.3(7.63%),P:1e-63	Tpos:49.7,Tstd:24.6,Bpos:50.0,Bstd:32.5,StrandBias:0.1,Multiplicity:1.22
0.044	0.759	0.112	0.085
0.040	0.073	0.039	0.848
0.073	0.120	0.143	0.664
0.156	0.029	0.792	0.023
0.947	0.013	0.016	0.024
0.021	0.036	0.899	0.044
0.148	0.021	0.007	0.824
0.067	0.007	0.915	0.011
0.053	0.102	0.705	0.140
0.109	0.650	0.092	0.149
>GTGCTGACAG	2-GTGCTGACAG	7.603557	-115.971712	0	T:92.0(18.40%),B:1152.8(2.44%),P:1e-50	Tpos:52.0,Tstd:26.5,Bpos:48.7,Bstd:32.1,StrandBias:0.0,Multiplicity:1.10
0.077	0.143	0.690	0.090
0.084	0.051	0.083	0.782
0.016	0.072	0.876	0.036
0.116	0.622	0.102	0.160
0.045	0.061	0.058	0.836
0.035	0.035	0.902	0.028
0.782	0.045	0.034	0.139
0.033	0.838	0.087	0.042
0.890	0.014	0.032	0.064
0.082	0.074	0.788	0.056
>TAGGGTTAGG	3-TAGGGTTAGG	10.296193	-94.150519	0	T:25.0(5.00%),B:23.9(0.05%),P:1e-40	Tpos:50.4,Tstd:26.0,Bpos:37.8,Bstd:27.0,StrandBias:2.5,Multiplicity:14.40
0.100	0.100	0.100	0.700
0.700	0.100	0.100	0.100
0.100	0.100	0.700	0.100
0.100	0.100	0.700	0.100
0.100	0.100	0.700	0.100
0.100	0.100	0.100	0.700
0.100	0.100	0.100	0.700
0.700	0.100	0.100	0.100
0.100	0.100	0.700	0.100
0.100	0.100	0.700	0.100
>CCTTATCTGG	4-CCTTATCTGG	7.095292	-67.563493	0	T:72.0(14.40%),B:1295.4(2.74%),P:1e-29	Tpos:48.4,Tstd:24.7,Bpos:49.3,Bstd:30.7,StrandBias:0.1,Multiplicity:1.03
0.086	0.684	0.065	0.165
0.062	0.824	0.034	0.080
0.001	0.068	0.001	0.930
0.042	0.052	0.001	0.905
0.773	0.049	0.106	0.072
0.069	0.034	0.029	0.868
0.042	0.907	0.001	0.050
0.204	0.022	0.024	0.750
0.069	0.061	0.660	0.210
0.030	0.127	0.705	0.138
>NTVRAGTGSV	5-NTVRAGTGSV	6.165937	-45.122794	0	T:36.0(7.20%),B:450.0(0.95%),P:1e-19	Tpos:48.6,Tstd:26.8,Bpos:49.1,Bstd:31.2,StrandBias:-0.3,Multiplicity:1.00
0.313	0.184	0.246	0.257
0.063	0.114	0.001	0.822
0.260	0.402	0.337	0.001
0.324	0.187	0.379	0.109
0.590	0.121	0.066	0.223
0.289	0.017	0.693	0.001
0.001	0.001	0.333	0.665
0.202	0.091	0.550	0.157
0.101	0.460	0.373	0.065
0.313	0.292	0.353	0.042
>TTGGGGCCGA	6-TTGGGGCCGA	10.296193	-33.906751	0	T:6.0(1.20%),B:1.7(0.00%),P:1e-14	Tpos:64.8,Tstd:28.1,Bpos:72.6,Bstd:27.6,StrandBias:1.0,Multiplicity:1.00
0.100	0.100	0.100	0.700
0.100	0.100	0.100	0.700
0.100	0.100	0.700	0.100
0.100	0.100	0.700	0.100
0.100	0.100	0.700	0.100
0.100	0.100	0.700	0.100
0.100	0.700	0.100	0.100
0.100	0.700	0.100	0.100
0.100	0.100	0.700	0.100
0.700	0.100	0.100	0.100
>AAAACGATAA	7-AAAACGATAA	10.346409	-29.756832	0	T:6.0(1.20%),B:2.7(0.01%),P:1e-12	Tpos:58.5,Tstd:30.3,Bpos:28.4,Bstd:20.3,StrandBias:0.0,Multiplicity:1.00
0.997	0.001	0.001	0.001
0.997	0.001	0.001	0.001
0.997	0.001	0.001	0.001
0.997	0.001	0.001	0.001
0.001	0.991	0.001	0.007
0.001	0.001	0.997	0.001
0.827	0.001	0.001	0.171
0.001	0.001	0.179	0.819
0.997	0.001	0.001	0.001
0.997	0.001	0.001	0.001
>AAATGATAAG	8-AAATGATAAG	8.815050	-27.512175	0	T:14.0(2.80%),B:86.0(0.18%),P:1e-11	Tpos:58.1,Tstd:27.0,Bpos:45.6,Bstd:31.8,StrandBias:0.0,Multiplicity:1.43
0.964	0.001	0.034	0.001
0.997	0.001	0.001	0.001
0.997	0.001	0.001	0.001
0.001	0.001	0.001	0.997
0.001	0.001	0.997	0.001
0.997	0.001	0.001	0.001
0.001	0.225	0.038	0.736
0.783	0.001	0.215	0.001
0.997	0.001	0.001	0.001
0.228	0.001	0.736	0.035
>GGTTAGGGTTAG	1-GGTTAGGGTTAG	12.355432	-137.696744	0	T:25.0(5.00%),B:4.8(0.01%),P:1e-59	Tpos:50.0,Tstd:25.6,Bpos:30.4,Bstd:28.5,StrandBias:2.5,Multiplicity:14.16
0.100	0.100	0.700	0.100
0.100	0.100	0.700	0.100
0.100	0.100	0.100	0.700
0.100	0.100	0.100	0.700
0.700	0.100	0.100	0.100
0.100	0.100	0.700	0.100
0.100	0.100	0.700	0.100
0.100	0.100	0.700	0.100
0.100	0.100	0.100	0.700
0.100	0.100	0.100	0.700
0.700	0.100	0.100	0.100
0.100	0.100	0.700	0.100
>AGCCACTCAAGA	2-AGCCACTCAAGA	7.394084	-132.876083	0	T:115.0(23.00%),B:1649.3(3.49%),P:1e-57	Tpos:50.4,Tstd:24.8,Bpos:51.2,Bstd:31.7,StrandBias:-0.1,Multiplicity:1.15
0.566	0.001	0.165	0.268
0.122	0.121	0.625	0.132
0.089	0.525	0.254	0.132
0.001	0.954	0.044	0.001
0.674	0.045	0.001	0.280
0.001	0.921	0.077	0.001
0.001	0.001	0.033	0.965
0.001	0.658	0.044	0.297
0.488	0.289	0.178	0.045
0.867	0.001	0.088	0.044
0.044	0.164	0.748	0.044
0.420	0.132	0.213	0.235
>VBTTATCTVYTS	3-VBTTATCTVYTS	5.187514	-102.289913	0	T:145.0(29.00%),B:3632.4(7.69%),P:1e-44	Tpos:51.7,Tstd:25.9,Bpos:50.3,Bstd:33.2,StrandBias:0.3,Multiplicity:1.11
0.243	0.252	0.372	0.133
0.001	0.385	0.243	0.371
0.001	0.013	0.001	0.985
0.124	0.001	0.001	0.874
0.986	0.008	0.005	0.001
0.001	0.001	0.001	0.997
0.001	0.997	0.001	0.001
0.370	0.001	0.001	0.628
0.247	0.383	0.249	0.122
0.128	0.385	0.122	0.365
0.250	0.128	0.122	0.500
0.128	0.372	0.378	0.122
>GCTGTCAGCACC	4-GCTGTCAGCACC	6.818028	-95.155986	0	T:119.0(23.80%),B:2602.0(5.51%),P:1e-41	Tpos:48.4,Tstd:25.6,Bpos:50.0,Bstd:31.3,StrandBias:0.0,Multiplicity:1.15
0.088	0.168	0.612	0.132
0.064	0.837	0.027	0.072
0.069	0.044	0.027	0.860
0.089	0.141	0.743	0.027
0.158	0.041	0.044	0.757
0.027	0.888	0.058	0.027
0.872	0.018	0.055	0.055
0.091	0.075	0.717	0.117
0.079	0.780	0.086	0.055
0.729	0.141	0.036	0.094
0.084	0.647	0.209	0.060
0.119	0.562	0.102	0.217
>TTGACGACTTGA	5-TTGACGACTTGA	14.253956	-40.412973	0	T:7.0(1.40%),B:0.0(0.00%),P:1e-17	Tpos:53.0,Tstd:28.7,Bpos:0.0,Bstd:0.0,StrandBias:0.4,Multiplicity:1.00
0.162	0.001	0.001	0.836
0.001	0.001	0.001	0.997
0.001	0.001	0.997	0.001
0.836	0.162	0.001	0.001
0.001	0.836	0.001	0.162
0.001	0.001	0.836	0.162
0.997	0.001	0.001	0.001
0.001	0.997	0.001	0.001
0.001	0.001	0.001	0.997
0.001	0.001	0.001	0.997
0.001	0.001	0.997	0.001
0.997	0.001	0.001	0.001
>GAAAAATGARAA	6-GAAAAATGARAA	13.234814	-38.284329	0	T:8.0(1.60%),B:3.1(0.01%),P:1e-16	Tpos:41.3,Tstd:24.9,Bpos:56.9,Bstd:15.1,StrandBias:0.3,Multiplicity:1.12
0.001	0.001	0.829	0.169
0.905	0.001	0.093	0.001
0.997	0.001	0.001	0.001
0.914	0.001	0.084	0.001
0.914	0.084	0.001	0.001
0.626	0.288	0.001	0.085
0.001	0.183	0.085	0.731
0.001	0.001	0.997	0.001
0.816	0.001	0.001	0.182
0.373	0.086	0.455	0.085
0.914	0.001	0.084	0.001
0.914	0.001	0.084	0.001
>AAGCGAACGATT	7-AAGCGAACGATT	9.301393	-35.570075	0	T:7.0(1.40%),B:2.7(0.01%),P:1e-15	Tpos:44.6,Tstd:23.7,Bpos:47.2,Bstd:22.2,StrandBias:0.4,Multiplicity:1.00
0.997	0.001	0.001	0.001
0.997	0.001	0.001	0.001
0.001	0.001	0.997	0.001
0.001	0.997	0.001	0.001
0.179	0.001	0.819	0.001
0.997	0.001	0.001	0.001
0.997	0.001	0.001	0.001
0.001	0.997	0.001	0.001
0.001	0.179	0.819	0.001
0.997	0.001	0.001	0.001
0.001	0.001	0.001	0.997
0.001	0.001	0.001	0.997
>RRAAAATGASMA	8-RRAAAATGASMA	14.181567	-33.906751	0	T:6.0(1.20%),B:0.0(0.00%),P:1e-14	Tpos:52.2,Tstd:22.4,Bpos:0.0,Bstd:0.0,StrandBias:1.0,Multiplicity:1.00
0.450	0.001	0.548	0.001
0.450	0.001	0.548	0.001
0.997	0.001	0.001	0.001
0.997	0.001	0.001	0.001
0.997	0.001	0.001	0.001
0.997	0.001	0.001	0.001
0.001	0.001	0.001	0.997
0.001	0.001	0.997	0.001
0.997	0.001	0.001	0.001
0.001	0.450	0.535	0.014
0.548	0.450	0.001	0.001
0.997	0.001	0.001	0.001
>CCACTCGA	1-CCACTCGA	4.126166	-171.962449	0	T:192.0(38.40%),B:3986.2(8.44%),P:1e-74	Tpos:50.2,Tstd:25.0,Bpos:50.0,Bstd:32.9,StrandBias:0.2,Multiplicity:1.24
0.009	0.927	0.063	0.001
0.001	0.997	0.001	0.001
0.978	0.001	0.001	0.020
0.001	0.997	0.001	0.001
0.001	0.001	0.001	0.997
0.001	0.675	0.001	0.323
0.208	0.247	0.522	0.023
0.997	0.001	0.001	0.001
>CTTATCWS	2-CTTATCWS	6.722972	-126.612545	0	T:128.0(25.60%),B:2246.9(4.76%),P:1e-54	Tpos:51.1,Tstd:26.2,Bpos:50.2,Bstd:34.2,StrandBias:0.2,Multiplicity:1.05
0.001	0.526	0.221	0.252
0.001	0.001	0.058	0.940
0.132	0.001	0.001	0.866
0.997	0.001	0.001	0.001
0.001	0.001	0.001	0.997
0.015	0.983	0.001	0.001
0.406	0.159	0.130	0.306
0.116	0.374	0.398	0.112
>TGTCAACA	3-TGTCAACA	5.867280	-95.487592	0	T:167.0(33.40%),B:5052.0(10.70%),P:1e-41	Tpos:49.2,Tstd:26.2,Bpos:49.7,Bstd:33.7,StrandBias:-0.0,Multiplicity:1.25
0.090	0.070	0.023	0.817
0.134	0.239	0.591	0.036
0.097	0.025	0.045	0.833
0.025	0.930	0.007	0.038
0.912	0.040	0.007	0.041
0.543	0.069	0.291	0.097
0.148	0.650	0.194	0.008
0.735	0.083	0.125	0.057
>TGASAGST	4-TGASAGST	5.034471	-94.310918	0	T:154.0(30.80%),B:4373.3(9.26%),P:1e-40	Tpos:52.4,Tstd:28.8,Bpos:50.2,Bstd:32.9,StrandBias:-0.3,Multiplicity:1.09
0.001	0.230	0.001	0.768
0.001	0.001	0.997	0.001
0.997	0.001	0.001	0.001
0.001	0.480	0.517	0.002
0.997	0.001	0.001	0.001
0.001	0.015	0.983	0.001
0.001	0.493	0.505	0.001
0.012	0.270	0.258	0.461
>GCCACTTA	5-GCCACTTA	6.502505	-79.592532	0	T:97.0(19.40%),B:2037.9(4.32%),P:1e-34	Tpos:51.8,Tstd:26.5,Bpos:50.0,Bstd:33.1,StrandBias:0.1,Multiplicity:1.02
0.034	0.026	0.939	0.001
0.030	0.853	0.116	0.001
0.001	0.927	0.033	0.039
0.926	0.024	0.001	0.049
0.023	0.975	0.001	0.001
0.001	0.001	0.034	0.964
0.001	0.188	0.001	0.810
0.824	0.034	0.141	0.001
>TAGGGTTA	6-TAGGGTTA	8.236954	-51.346882	0	T:26.0(5.20%),B:150.5(0.32%),P:1e-22	Tpos:50.5,Tstd:26.6,Bpos:43.4,Bstd:38.5,StrandBias:2.5,Multiplicity:14.23
0.100	0.100	0.100	0.700
0.700	0.100	0.100	0.100
0.100	0.100	0.700	0.100
0.100	0.100	0.700	0.100
0.100	0.100	0.700	0.100
0.100	0.100	0.100	0.700
0.100	0.100	0.100	0.700
0.700	0.100	0.100	0.100
>AATGAGAA	7-AATGAGAA	8.236954	-17.345991	0	T:14.0(2.80%),B:191.0(0.40%),P:1e-7	Tpos:48.1,Tstd:25.8,Bpos:46.1,Bstd:32.4,StrandBias:-0.2,Multiplicity:1.21
0.700	0.100	0.100	0.100
0.700	0.100	0.100	0.100
0.100	0.100	0.100	0.700
0.100	0.100	0.700	0.100
0.700	0.100	0.100	0.100
0.100	0.100	0.700	0.100
0.700	0.100	0.100	0.100
0.700	0.100	0.100	0.100
>TYCGKACG	8-TYCGKACG	6.533414	-17.197716	0	T:12.0(2.40%),B:134.5(0.28%),P:1e-7	Tpos:48.7,Tstd:24.6,Bpos:50.4,Bstd:28.8,StrandBias:0.0,Multiplicity:1.00
0.052	0.073	0.189	0.686
0.159	0.386	0.177	0.278
0.001	0.986	0.007	0.006
0.002	0.402	0.593	0.003
0.026	0.186	0.465	0.323
0.688	0.101	0.045	0.166
0.031	0.834	0.001	0.134
0.223	0.146	0.554	0.077
