>GGTTAGGGTTAG	1-GGTTAGGGTTAG	12.355432	-137.696744	0	T:25.0(5.00%),B:4.8(0.01%),P:1e-59	Tpos:50.0,Tstd:25.6,Bpos:30.4,Bstd:28.5,StrandBias:2.5,Multiplicity:14.16
0.100	0.100	0.700	0.100
0.100	0.100	0.700	0.100
0.100	0.100	0.100	0.700
0.100	0.100	0.100	0.700
0.700	0.100	0.100	0.100
0.100	0.100	0.700	0.100
0.100	0.100	0.700	0.100
0.100	0.100	0.700	0.100
0.100	0.100	0.100	0.700
0.100	0.100	0.100	0.700
0.700	0.100	0.100	0.100
0.100	0.100	0.700	0.100
>AGCCACTCAAGA	2-AGCCACTCAAGA	7.394084	-132.876083	0	T:115.0(23.00%),B:1649.3(3.49%),P:1e-57	Tpos:50.4,Tstd:24.8,Bpos:51.2,Bstd:31.7,StrandBias:-0.1,Multiplicity:1.15
0.566	0.001	0.165	0.268
0.122	0.121	0.625	0.132
0.089	0.525	0.254	0.132
0.001	0.954	0.044	0.001
0.674	0.045	0.001	0.280
0.001	0.921	0.077	0.001
0.001	0.001	0.033	0.965
0.001	0.658	0.044	0.297
0.488	0.289	0.178	0.045
0.867	0.001	0.088	0.044
0.044	0.164	0.748	0.044
0.420	0.132	0.213	0.235
>VBTTATCTVYTS	3-VBTTATCTVYTS	5.187514	-102.289913	0	T:145.0(29.00%),B:3632.4(7.69%),P:1e-44	Tpos:51.7,Tstd:25.9,Bpos:50.3,Bstd:33.2,StrandBias:0.3,Multiplicity:1.11
0.243	0.252	0.372	0.133
0.001	0.385	0.243	0.371
0.001	0.013	0.001	0.985
0.124	0.001	0.001	0.874
0.986	0.008	0.005	0.001
0.001	0.001	0.001	0.997
0.001	0.997	0.001	0.001
0.370	0.001	0.001	0.628
0.247	0.383	0.249	0.122
0.128	0.385	0.122	0.365
0.250	0.128	0.122	0.500
0.128	0.372	0.378	0.122
>GCTGTCAGCACC	4-GCTGTCAGCACC	6.818028	-95.155986	0	T:119.0(23.80%),B:2602.0(5.51%),P:1e-41	Tpos:48.4,Tstd:25.6,Bpos:50.0,Bstd:31.3,StrandBias:0.0,Multiplicity:1.15
0.088	0.168	0.612	0.132
0.064	0.837	0.027	0.072
0.069	0.044	0.027	0.860
0.089	0.141	0.743	0.027
0.158	0.041	0.044	0.757
0.027	0.888	0.058	0.027
0.872	0.018	0.055	0.055
0.091	0.075	0.717	0.117
0.079	0.780	0.086	0.055
0.729	0.141	0.036	0.094
0.084	0.647	0.209	0.060
0.119	0.562	0.102	0.217
>TTGACGACTTGA	5-TTGACGACTTGA	14.253956	-40.412973	0	T:7.0(1.40%),B:0.0(0.00%),P:1e-17	Tpos:53.0,Tstd:28.7,Bpos:0.0,Bstd:0.0,StrandBias:0.4,Multiplicity:1.00
0.162	0.001	0.001	0.836
0.001	0.001	0.001	0.997
0.001	0.001	0.997	0.001
0.836	0.162	0.001	0.001
0.001	0.836	0.001	0.162
0.001	0.001	0.836	0.162
0.997	0.001	0.001	0.001
0.001	0.997	0.001	0.001
0.001	0.001	0.001	0.997
0.001	0.001	0.001	0.997
0.001	0.001	0.997	0.001
0.997	0.001	0.001	0.001
>GAAAAATGARAA	6-GAAAAATGARAA	13.234814	-38.284329	0	T:8.0(1.60%),B:3.1(0.01%),P:1e-16	Tpos:41.3,Tstd:24.9,Bpos:56.9,Bstd:15.1,StrandBias:0.3,Multiplicity:1.12
0.001	0.001	0.829	0.169
0.905	0.001	0.093	0.001
0.997	0.001	0.001	0.001
0.914	0.001	0.084	0.001
0.914	0.084	0.001	0.001
0.626	0.288	0.001	0.085
0.001	0.183	0.085	0.731
0.001	0.001	0.997	0.001
0.816	0.001	0.001	0.182
0.373	0.086	0.455	0.085
0.914	0.001	0.084	0.001
0.914	0.001	0.084	0.001
>AAGCGAACGATT	7-AAGCGAACGATT	9.301393	-35.570075	0	T:7.0(1.40%),B:2.7(0.01%),P:1e-15	Tpos:44.6,Tstd:23.7,Bpos:47.2,Bstd:22.2,StrandBias:0.4,Multiplicity:1.00
0.997	0.001	0.001	0.001
0.997	0.001	0.001	0.001
0.001	0.001	0.997	0.001
0.001	0.997	0.001	0.001
0.179	0.001	0.819	0.001
0.997	0.001	0.001	0.001
0.997	0.001	0.001	0.001
0.001	0.997	0.001	0.001
0.001	0.179	0.819	0.001
0.997	0.001	0.001	0.001
0.001	0.001	0.001	0.997
0.001	0.001	0.001	0.997
>RRAAAATGASMA	8-RRAAAATGASMA	14.181567	-33.906751	0	T:6.0(1.20%),B:0.0(0.00%),P:1e-14	Tpos:52.2,Tstd:22.4,Bpos:0.0,Bstd:0.0,StrandBias:1.0,Multiplicity:1.00
0.450	0.001	0.548	0.001
0.450	0.001	0.548	0.001
0.997	0.001	0.001	0.001
0.997	0.001	0.001	0.001
0.997	0.001	0.001	0.001
0.997	0.001	0.001	0.001
0.001	0.001	0.001	0.997
0.001	0.001	0.997	0.001
0.997	0.001	0.001	0.001
0.001	0.450	0.535	0.014
0.548	0.450	0.001	0.001
0.997	0.001	0.001	0.001
