>CCACTCGA	1-CCACTCGA	4.126166	-171.962449	0	T:192.0(38.40%),B:3986.2(8.44%),P:1e-74	Tpos:50.2,Tstd:25.0,Bpos:50.0,Bstd:32.9,StrandBias:0.2,Multiplicity:1.24
0.009	0.927	0.063	0.001
0.001	0.997	0.001	0.001
0.978	0.001	0.001	0.020
0.001	0.997	0.001	0.001
0.001	0.001	0.001	0.997
0.001	0.675	0.001	0.323
0.208	0.247	0.522	0.023
0.997	0.001	0.001	0.001
>CTTATCWS	2-CTTATCWS	6.722972	-126.612545	0	T:128.0(25.60%),B:2246.9(4.76%),P:1e-54	Tpos:51.1,Tstd:26.2,Bpos:50.2,Bstd:34.2,StrandBias:0.2,Multiplicity:1.05
0.001	0.526	0.221	0.252
0.001	0.001	0.058	0.940
0.132	0.001	0.001	0.866
0.997	0.001	0.001	0.001
0.001	0.001	0.001	0.997
0.015	0.983	0.001	0.001
0.406	0.159	0.130	0.306
0.116	0.374	0.398	0.112
>TGTCAACA	3-TGTCAACA	5.867280	-95.487592	0	T:167.0(33.40%),B:5052.0(10.70%),P:1e-41	Tpos:49.2,Tstd:26.2,Bpos:49.7,Bstd:33.7,StrandBias:-0.0,Multiplicity:1.25
0.090	0.070	0.023	0.817
0.134	0.239	0.591	0.036
0.097	0.025	0.045	0.833
0.025	0.930	0.007	0.038
0.912	0.040	0.007	0.041
0.543	0.069	0.291	0.097
0.148	0.650	0.194	0.008
0.735	0.083	0.125	0.057
>TGASAGST	4-TGASAGST	5.034471	-94.310918	0	T:154.0(30.80%),B:4373.3(9.26%),P:1e-40	Tpos:52.4,Tstd:28.8,Bpos:50.2,Bstd:32.9,StrandBias:-0.3,Multiplicity:1.09
0.001	0.230	0.001	0.768
0.001	0.001	0.997	0.001
0.997	0.001	0.001	0.001
0.001	0.480	0.517	0.002
0.997	0.001	0.001	0.001
0.001	0.015	0.983	0.001
0.001	0.493	0.505	0.001
0.012	0.270	0.258	0.461
>GCCACTTA	5-GCCACTTA	6.502505	-79.592532	0	T:97.0(19.40%),B:2037.9(4.32%),P:1e-34	Tpos:51.8,Tstd:26.5,Bpos:50.0,Bstd:33.1,StrandBias:0.1,Multiplicity:1.02
0.034	0.026	0.939	0.001
0.030	0.853	0.116	0.001
0.001	0.927	0.033	0.039
0.926	0.024	0.001	0.049
0.023	0.975	0.001	0.001
0.001	0.001	0.034	0.964
0.001	0.188	0.001	0.810
0.824	0.034	0.141	0.001
>TAGGGTTA	6-TAGGGTTA	8.236954	-51.346882	0	T:26.0(5.20%),B:150.5(0.32%),P:1e-22	Tpos:50.5,Tstd:26.6,Bpos:43.4,Bstd:38.5,StrandBias:2.5,Multiplicity:14.23
0.100	0.100	0.100	0.700
0.700	0.100	0.100	0.100
0.100	0.100	0.700	0.100
0.100	0.100	0.700	0.100
0.100	0.100	0.700	0.100
0.100	0.100	0.100	0.700
0.100	0.100	0.100	0.700
0.700	0.100	0.100	0.100
>AATGAGAA	7-AATGAGAA	8.236954	-17.345991	0	T:14.0(2.80%),B:191.0(0.40%),P:1e-7	Tpos:48.1,Tstd:25.8,Bpos:46.1,Bstd:32.4,StrandBias:-0.2,Multiplicity:1.21
0.700	0.100	0.100	0.100
0.700	0.100	0.100	0.100
0.100	0.100	0.100	0.700
0.100	0.100	0.700	0.100
0.700	0.100	0.100	0.100
0.100	0.100	0.700	0.100
0.700	0.100	0.100	0.100
0.700	0.100	0.100	0.100
>TYCGKACG	8-TYCGKACG	6.533414	-17.197716	0	T:12.0(2.40%),B:134.5(0.28%),P:1e-7	Tpos:48.7,Tstd:24.6,Bpos:50.4,Bstd:28.8,StrandBias:0.0,Multiplicity:1.00
0.052	0.073	0.189	0.686
0.159	0.386	0.177	0.278
0.001	0.986	0.007	0.006
0.002	0.402	0.593	0.003
0.026	0.186	0.465	0.323
0.688	0.101	0.045	0.166
0.031	0.834	0.001	0.134
0.223	0.146	0.554	0.077
