# R script for Peak Model
#  -- generated by MACS
p <- c(0.0290877643631,0.0340535970766,0.0386391975762,0.0433236584514,0.0482590725878,0.0487381651773,0.0489586998613,0.0492096531225,0.0492324670554,0.0489130719957,0.0488218162643,0.0490651648812,0.0494910249608,0.0498408385976,0.0496811410677,0.0495594667593,0.0496659317792,0.0493921645852,0.0496355132021,0.0498180246648,0.0498940711075,0.0497343735777,0.0499016757518,0.0498104200205,0.0500917918588,0.0500537686374,0.0502058615229,0.0502210708115,0.0498864664633,0.049962512906,0.0500233500603,0.0499092803961,0.0496203039135,0.0497191642891,0.0496126992692,0.0495366528265,0.0494834203165,0.0497952107319,0.0500613732816,0.0499320943289,0.0499396989732,0.0501222104359,0.0502743033214,0.0502743033214,0.0502514893886,0.0503883729856,0.050373163697,0.050099396503,0.0500233500603,0.049878861819,0.0501374197244,0.0501906522344,0.0500841872145,0.0501070011473,0.0503123265428,0.0504492101398,0.0506621401796,0.0510956049034,0.0514986510502,0.0518180461098,0.0518028368213,0.05171158109,0.0517191857342,0.0516887671571,0.0516051160701,0.0515366742716,0.0511944652791,0.0507457912667,0.050510047294,0.0505176519383,0.050373163697,0.0504035822742,0.0507229773338,0.0509891398836,0.051110814192,0.0507686051995,0.0512553024333,0.0514226046074,0.0513693720974,0.0511032095477,0.0516735578686,0.0513389535203,0.0511260234806,0.0508446516423,0.0509054887965,0.0513541628089,0.0512020699233,0.0512324885004,0.0516431392915,0.0516279300029,0.051384581386,0.0520081622168,0.051985348284,0.0522895340551,0.0521982783237,0.0520918133039,0.0521678597466,0.0524188130078,0.0524112083635,0.0529055102416,0.0529131148859,0.0526089291148,0.0526773709133,0.0525785105376,0.0525024640949,0.0525633012491,0.0522895340551,0.0522286969009,0.0519473250626,0.0521602551024,0.0519777436397,0.0522667201222,0.052669766269,0.0527229987789,0.0529055102416,0.0529359288187,0.053354184254,0.0531944867242,0.0537039978908,0.0535214864281,0.0538560907763,0.0539549511519,0.0539853697291,0.0540462068833,0.0541526719032,0.0541602765475,0.0541298579703,0.0545709273385,0.0544796716071,0.0548142759554,0.0548675084653,0.0545937412713,0.0550272059951,0.0550728338608,0.0550576245722,0.054913136331,0.0549435549081,0.0550272059951,0.0549587641966,0.0547306248683,0.0547686480897,0.0550652292165,0.0541070440375,0.0539701604405,0.0542515322788,0.0544264390972,0.0545557180499,0.0540081836619,0.0540766254604,0.0538865093534,0.0541450672589,0.0541678811917,0.0549359502638,0.055270554612,0.0558941354428,0.0560766469055,0.0560538329727,0.0563123908781,0.0567990881119,0.0572325528357,0.0570348320845,0.0570576460173,0.0566013673607,0.0562439490796,0.055734437913,0.0559321586642,0.0559929958184,0.0563428094552,0.0557268332687,0.0554758800075,0.0554150428533,0.0552021128135,0.0555519264503,0.0557952750672,0.0557572518458,0.0554150428533,0.0556279728931,0.0553161824777,0.0558409029329,0.0560006004627,0.0567230416691,0.0573390178556,0.0570576460173,0.0571336924601,0.0570120181517,0.0571412971044,0.0571260878158,0.0571260878158,0.0568066927562,0.0567838788233,0.0564949023408,0.0560462283284,0.0562667630124,0.056692623092,0.0566850184477,0.0572477621243,0.0576736222039,0.0580082265521,0.0585861795172,0.0589283885097,0.0587915049127,0.0593846671664,0.0598029226017,0.0594302950321,0.059947410843,0.0597192715146,0.0595139461191,0.0596584343604,0.0593086207236,0.059483527542,0.0596128064947,0.0594150857435,0.0594226903878,0.0598333411788,0.0600690851514,0.060715479915,0.0607078752708,0.060905596022,0.0612173864374,0.0613010375244,0.0616584558055,0.0620158740866,0.0619474322881,0.0617573161811,0.0618713858453,0.0614911536314,0.0614607350543,0.0612402003702,0.061590014007,0.0616508511612,0.0613466653901,0.0612249910817,0.0615063629199,0.062190780905,0.0622516180592,0.0626546642059,0.0633542914795,0.0636052447406,0.0636204540292,0.0637877562033,0.0641603837729,0.0647383367381,0.0654455686559,0.0651565921733,0.065255452549,0.0652630571932,0.0653086850589,0.0659854983996,0.0660387309096,0.0659474751783,0.0659778937554,0.0659550798225,0.0653619175688,0.0657953822927,0.0658638240912,0.0656584986957,0.0656584986957,0.0652706618375,0.065529219743,0.0658105915812,0.0658638240912,0.0654683825887,0.0657801730041,0.0662896841708,0.0664493817006,0.0670045207329,0.0671870321956,0.0673999622353,0.0674075668796,0.0678182176706,0.0682212638174,0.0691718443521,0.0695977044317,0.0695140533446,0.0699094948471,0.0700691923769,0.0706167267649,0.0708448660932,0.0714304237026,0.0712707261728,0.0715520980111,0.0713619819041,0.071384795837,0.0714988655011,0.0713163540385,0.0716509583867,0.0712783308171,0.0714000051255,0.0710730054216,0.0714760515683,0.0714836562126,0.0720540045334,0.072289748506,0.0720540045334,0.0724190274588,0.0723049577946,0.0728829107597,0.0737574448517,0.0748753275605,0.0753163969287,0.0765255353689,0.0772023487096,0.0792403933761,0.0816282516794,0.0834153430847,0.0859248756964,0.0880465714499,0.0894306167085,0.090867894477,0.0927842648351,0.0942747751136,0.0960466572303,0.0965789823298,0.0970656795636,0.0980466786754,0.0985181666206,0.0988147477475,0.0996512586181,0.100244420872,0.100404118402,0.100746327394,0.101369908225,0.101955465834,0.102350907337,0.102343302692,0.10205432621,0.102434558424,0.102784372061,0.102906046369,0.103613278287,0.103598068998,0.10331669716,0.103111371765,0.103225441429,0.103780580461,0.104206440541,0.104518230956,0.104883253881,0.105430788269,0.104906067814,0.105172230364,0.105225462874,0.105179835008,0.105377555759,0.10521785823,0.106168438764,0.106183648053,0.106518252401,0.106814833528,0.107499251513,0.107947925525,0.108541087779,0.109392807938,0.109750226219,0.110236923453,0.110472667426,0.1106399696,0.110731225331,0.110525899936,0.110776853197,0.110982178592,0.111773061597,0.111590550134,0.111909945194,0.111704619799,0.111544922269,0.111841503396,0.111590550134,0.11206203808,0.112693223555,0.113255967231,0.113187525433,0.113719850532,0.114328222074,0.114913779684,0.114921384328,0.115446104783,0.116100104191,0.116054476326,0.116282615654,0.116305429587,0.116503150338,0.11689859184,0.117195172967,0.117910009529,0.119020287594,0.118951845795,0.119377705875,0.11984919382,0.120548821094,0.120571635027,0.121187611213,0.121818796688,0.121811192044,0.122214238191,0.122161005681,0.122936679397,0.123499423074,0.124571677917,0.124982328708,0.125902490665,0.125712374559,0.125758002424,0.126678164382,0.126723792248,0.126792234046,0.127294140568,0.1283816047,0.12806220964,0.128259930392,0.128670581183,0.128708604404,0.12880746478,0.128898720511,0.129347394523,0.130077440374,0.13028276577,0.129636371006,0.130845509446,0.131605973874,0.132107880396,0.133408274568,0.13444250619,0.135271412416,0.136191574374,0.136457736923,0.137279038505,0.138290456194,0.138412130503,0.138640269831,0.139355106393,0.139720129318,0.14002431509,0.139955873291,0.13991785007,0.140031919734,0.140617477343,0.140936872403,0.141309499973,0.14212319691,0.143073777445,0.143659335054,0.144625124878,0.145826658674,0.146617541679,0.147727819743,0.148518702748,0.14939323684,0.149461678639,0.149575748303,0.149172702156,0.149689817967,0.150473096327,0.150936979628,0.151416072218,0.152374257397,0.152708861745,0.152876163919,0.154716487835,0.155203185068,0.156161370247,0.157226020446,0.157066322916,0.157035904339,0.15824504278,0.158632879638,0.158784972523,0.159355320844,0.160374343177,0.160815412545,0.161286900491,0.161651923416,0.163226084782,0.164655757906,0.164473246443,0.165393408401,0.167020802276,0.168100661764,0.167408639134,0.169134893386,0.169864939236,0.170579775798,0.170967612657,0.171583588843,0.173172959497,0.173758517107,0.173872586771,0.174222400407,0.175492376002,0.175423934203,0.176283259007,0.177104560589,0.178039931835,0.178739559109,0.179363139939,0.180214860098,0.180922092016,0.181979137571,0.183119834213,0.183705391822,0.184686390934,0.185256739255,0.185378413563,0.185743436489,0.186450668406,0.186519110205,0.187538132538,0.188503922361,0.189393665742,0.190557176316,0.19136326861,