# R script for Peak Model
#  -- generated by MACS
p <- c(0.0318646159052,0.0372012194028,0.042548894692,0.0476087034024,0.0531556709384,0.0529010197341,0.0529342351086,0.0529674504831,0.0530449530235,0.0531667427299,0.0534656811001,0.0536760451384,0.0535210400575,0.0534988964745,0.0533881785597,0.0530449530235,0.0534546093086,0.0531003119809,0.0530892401895,0.0528788761512,0.0526020813639,0.0521592097044,0.0523585019512,0.0523474301597,0.052535650615,0.0533660349767,0.0533106760192,0.0538089066362,0.0534324657256,0.0536317579724,0.0540414142575,0.0546392909979,0.0547167935383,0.0551264498234,0.0552371677383,0.0550378754915,0.0554364599851,0.0553368138617,0.0556578958149,0.0561118392659,0.0560786238915,0.0553368138617,0.0554586035681,0.0557796855213,0.0557021829808,0.0559679059766,0.0552371677383,0.0551264498234,0.0551818087809,0.0549271575766,0.0547389371213,0.0552925266958,0.055071090866,0.055048947283,0.0548385832447,0.0547610807043,0.0552925266958,0.0554253881936,0.0553035984872,0.0553921728192,0.0557907573128,0.056023264934,0.0562225571808,0.0560343367255,0.0561118392659,0.056089695683,0.0557796855213,0.0557243265638,0.0561229110574,0.0559125470191,0.0554032446106,0.0550268037,0.0549825165341,0.055004660117,0.0549825165341,0.055502890734,0.0558904034362,0.0561671982234,0.0559679059766,0.056001121351,0.0563111315127,0.0562336289723,0.0564218494276,0.0564772083851,0.0563443468872,0.0558129008957,0.0557132547723,0.0557464701468,0.0555803932745,0.0562336289723,0.0561339828489,0.0567982903382,0.0563775622617,0.0561671982234,0.0566211416744,0.0569090082531,0.0568204339212,0.0567761467553,0.0569865107936,0.0565768545085,0.0569532954191,0.0563886340532,0.0569865107936,0.0574293824531,0.0570086543765,0.0566543570489,0.0563664904702,0.0562336289723,0.0564661365936,0.0563886340532,0.0567429313808,0.0571525876659,0.0574847414106,0.0571415158744,0.0576508182829,0.0578943976957,0.0582597668148,0.058580848768,0.0581379771084,0.0583815565212,0.0577836797808,0.0576840336574,0.0569090082531,0.057019726168,0.0567761467553,0.0566211416744,0.0566765006319,0.0568093621297,0.0573629517042,0.0571083004999,0.0570972287084,0.0569200800446,0.0574293824531,0.0576951054488,0.0578279669467,0.0581933360659,0.0583372693552,0.0582486950233,0.0579054694871,0.0582044078573,0.0587247820573,0.0585919205595,0.0586804948914,0.0587801410148,0.0595440946275,0.0593226587977,0.0594444485041,0.0592230126743,0.0592340844658,0.0592562280488,0.0589351460956,0.0595883817935,0.0591012229679,0.0589240743041,0.058082618151,0.0583483411467,0.0584922744361,0.0587137102658,0.0593226587977,0.0594887356701,0.0600976842019,0.060075540619,0.0603634071977,0.0606955609424,0.0608727096062,0.0611052172274,0.0608505660232,0.0609059249806,0.0607841352743,0.0603301918232,0.0600423252445,0.0597876740403,0.0597987458317,0.0594001613381,0.0596437407509,0.0595440946275,0.0595662382105,0.0597212432913,0.0596437407509,0.0598983919551,0.0602637610743,0.0603744789892,0.0607066327338,0.0611384326019,0.0608948531892,0.0603855507807,0.0606844891509,0.0603080482402,0.0604962686956,0.061027714687,0.0606402019849,0.0606623455679,0.0607287763168,0.0606955609424,0.0608837813977,0.0609723557296,0.06104985827,0.061525945304,0.0614705863466,0.0611937915594,0.0613155812657,0.0616698785934,0.0617252375508,0.0616920221764,0.061525945304,0.0617141657593,0.0617030939678,0.0615148735125,0.0618691708402,0.0616477350104,0.0619798887551,0.0616698785934,0.0618802426317,0.0619134580061,0.0622013245848,0.0626220526614,0.0626774116189,0.0629320628231,0.0625777654955,0.0631092114869,0.0631645704444,0.0629542064061,0.0629652781976,0.063020637155,0.0634413652316,0.0632199294018,0.0632199294018,0.0631867140274,0.0634967241891,0.0634745806061,0.0633527908997,0.0642385342188,0.064083529138,0.064581759755,0.0643492521337,0.0646814058784,0.0648474827507,0.0641278163039,0.0640724573465,0.0634967241891,0.0633417191082,0.0632531447763,0.0630759961125,0.0631202832784,0.0632974319423,0.0634081498571,0.0635742267295,0.0643271085507,0.0644378264656,0.064559616172,0.0648474827507,0.0651132057464,0.0656557235294,0.0654121441166,0.0651574929124,0.0651685647039,0.0649360570826,0.0655671491975,0.0656667953209,0.0658328721932,0.0659325183166,0.0658550157762,0.0659214465251,0.0658660875677,0.0658107286102,0.0652903544103,0.0655892927805,0.0652349954528,0.0647921237933,0.0653235697847,0.0659546618996,0.0655228620315,0.065556077406,0.0654453594911,0.0658771593592,0.0666300411804,0.0664750360996,0.0666632565549,0.0674936409166,0.0673829230017,0.0675157844995,0.0678036510782,0.0674161383761,0.0681579484059,0.0678479382442,0.0678811536187,0.067504712708,0.0672832768783,0.0669400513421,0.0673386358357,0.0664418207251,0.066508251474,0.0669289795506,0.0664639643081,0.0669732667166,0.0671504153804,0.0678700818272,0.0680583022825,0.069021548142,0.0692097685973,0.071579131976,0.0742142183503,0.0772921763843,0.0802262011288,0.0828834310862,0.0869799939371,0.092050874439,0.0964574474516,0.10038793343,0.104794506443,0.106776357119,0.108813566753,0.110740058472,0.112533688694,0.114803405949,0.114615185493,0.11451553937,0.114205529208,0.113386216638,0.112976560353,0.113519078136,0.113829088298,0.112832627064,0.112456186153,0.111780806872,0.112389755404,0.111902596579,0.112710837357,0.113375144847,0.113286570515,0.113552293511,0.113563365302,0.114570898328,0.114925195655,0.11563379031,0.116098805553,0.116752041251,0.116907046332,0.11763778457,0.117759574276,0.117294559034,0.117305630825,0.117172769327,0.117515994864,0.117427420532,0.117781717859,0.11771528711,0.117682071736,0.117217056493,0.117427420532,0.117914579357,0.11845709714,0.118645317595,0.118911040591,0.118711748344,0.117449564115,0.117504923072,0.11756028203,0.117604569195,0.118224589519,0.117925651149,0.117704215319,0.117360989783,0.117958866523,0.118291020268,0.119132476421,0.119088189255,0.119918573617,0.120737886187,0.121103255306,0.121811849961,0.121988998625,0.122365439536,0.121822921753,0.121822921753,0.122022214,0.121767562795,0.121701132046,0.121258260387,0.120959322017,0.121324691136,0.121114327097,0.121180757846,0.121191829638,0.122531516408,0.122941172693,0.123372972561,0.122941172693,0.123516905851,0.12388227497,0.124070495425,0.124413720961,0.124679443957,0.125376966821,0.124380505587,0.124834449038,0.125587330859,0.126140920433,0.125886269229,0.125974843561,0.125543043693,0.12604127431,0.12656164851,0.126218422974,0.127613468701,0.126993448378,0.126949161212,0.126938089421,0.127425248246,0.127513822578,0.128255632608,0.128687432476,0.129772468042,0.130104621786,0.130148908952,0.130558565238,0.13094607794,0.131444308557,0.130691426735,0.130791072859,0.131222872727,0.131577170055,0.130901790774,0.130691426735,0.129573175795,0.130536421655,0.130137837161,0.129772468042,0.130923934357,0.13028177045,0.130403560157,0.129849970582,0.129993903872,0.130901790774,0.13198682634,0.131521811097,0.131710031552,0.132042185297,0.131909323799,0.132706492786,0.131710031552,0.132163975003,0.131776462301,0.131931467382,0.131942539174,0.132097544255,0.132208262169,0.132872569659,0.134057251348,0.135064784374,0.136183035314,0.136537332642,0.137367717003,0.137710942539,0.138353106446,0.138319891071,0.139316352305,0.139260993348,0.138663116607,0.138696331982,0.138231316739,0.138032024493,0.137400932378,0.137013419676,0.136670194139,0.137367717003,0.137157352965,0.138109527033,0.13838632182,0.139294208722,0.140611751909,0.141065695361,0.142394310339,0.14306968962,0.143745068901,0.143977576522,0.145018324922,0.144641884011,0.145162258211,0.144520094305,0.145007253131,0.145726919577,0.146346939901,0.147144108888,0.147199467845,0.147409831884,0.14723268322,0.14783055996,0.148483795658,0.149258821062,0.148982026275,0.148738446862,0.148782734028,0.148461652075,0.148218072662,0.148517011033,0.14879380582,0.148893451943,0.149103815982,0.149712764513,0.15005599005,0.151451035777,0.151860692062,0.153100732709,0.154019691403,0.154473634854,0.154949721888,0.155901895956,0.156588347028,0.156621562402,0.157540521096,0.157009075105,