# R script for Peak Model
#  -- generated by MACS
p <- c(0.0277668683725,0.0324797314368,0.0367923513534,0.0412450563717,0.0458478525704,0.0455576762883,0.0456277188392,0.0457678039409,0.045567682367,0.0452474878489,0.0450173480389,0.0446471231273,0.0447671960716,0.0451574331406,0.0451274149046,0.0453575547145,0.0454275972653,0.0460980045378,0.0462480957181,0.0458978829639,0.0460879984591,0.0462781139542,0.0462581017968,0.0462080714034,0.0462781139542,0.046188059246,0.0460479741443,0.045407585108,0.0452775060849,0.0456077066818,0.0456077066818,0.0456077066818,0.0456477309966,0.0454976398162,0.045667743154,0.0459779315934,0.0460679863017,0.0466983692593,0.0469885455414,0.0472987339809,0.0473787826104,0.0478190500729,0.0479991594894,0.0479591351746,0.0477890318368,0.0475789041843,0.0474288130039,0.047068594171,0.0467684118102,0.0470485820136,0.0473487643744,0.0470886063283,0.0469185029906,0.0466883631806,0.0465382720002,0.046578296315,0.0467784178889,0.0468184422036,0.0472186853514,0.0462781139542,0.045667743154,0.0456377249179,0.0458978829639,0.0462480957181,0.0462981261116,0.0458878768852,0.0462280835608,0.0462380896395,0.0465883023937,0.0470185637775,0.0475488859482,0.0477890318368,0.0478590743877,0.0477390014434,0.047718989286,0.0477790257581,0.0472487035874,0.047328752217,0.0467183814167,0.0467383935741,0.0464181990559,0.0463281443477,0.0464582233707,0.0463881808198,0.0467584057315,0.0469885455414,0.0470585880923,0.0472086792727,0.0471186245644,0.0464882416068,0.0467984300463,0.0469084969119,0.0467684118102,0.0473587704531,0.0468984908332,0.0472687157448,0.0473487643744,0.0470385759349,0.0473387582957,0.0480792081189,0.0479691412533,0.0474688373187,0.0472086792727,0.0469185029906,0.047098612407,0.046838454361,0.0473087400596,0.0474788433974,0.0477490075221,0.047718989286,0.0477690196795,0.0484194147945,0.0485294816601,0.0484594391093,0.0491498585391,0.0495000712933,0.0489297248078,0.0487496153914,0.0484594391093,0.0484594391093,0.0485795120536,0.0485695059749,0.0487796336274,0.0486895789192,0.0485494938175,0.0482192932206,0.048889700493,0.0491898828538,0.0495901260015,0.0496001320802,0.049379998349,0.0491798767751,0.0492699314834,0.0495601077655,0.0492999497195,0.0497502232606,0.049770235418,0.0498302718902,0.0498702962049,0.0501404603297,0.0502705393527,0.0505607156347,0.0507208128938,0.0508608979955,0.0508608979955,0.0508208736808,0.0506907946578,0.0506407642643,0.0505306973987,0.050260533274,0.0504906730839,0.0501204481723,0.0497302111032,0.0495200834507,0.0499203265984,0.0498702962049,0.0499803630706,0.0501204481723,0.0498402779689,0.050000375228,0.0497402171819,0.0502205089592,0.0503005575887,0.0504706609265,0.0502405211166,0.0501004360149,0.0502105028805,0.0506807885791,0.0509909770185,0.0513511958515,0.051661384291,0.0519315484157,0.0523918280355,0.0527220286324,0.0532023204096,0.0535725453213,0.0531022596227,0.0529221502063,0.0529721805997,0.0530021988358,0.0527920711832,0.0524018341142,0.0523918280355,0.0525619313733,0.0519715727304,0.0520416152813,0.0524718766651,0.0524518645077,0.0527320347111,0.0528421015767,0.0532423447244,0.053482490613,0.0534924966917,0.0532323386457,0.0540828553346,0.0540028067051,0.0538126912099,0.0540228188625,0.0538927398395,0.0542729708298,0.0542529586724,0.0547932869218,0.0552035361482,0.0554336759581,0.0551234875187,0.0552035361482,0.0557138461615,0.0557138461615,0.0558439251845,0.0553836455647,0.0557938947911,0.0555137245877,0.0557938947911,0.0557338583189,0.0558839494993,0.0562641804896,0.0563542351979,0.0563042048044,0.056384253434,0.0564342838274,0.0564342838274,0.0566644236374,0.0564442899061,0.0568145148178,0.0570946850212,0.0575849828771,0.0572747944376,0.0577150619001,0.0577350740575,0.0579952321035,0.0582954144643,0.0583454448578,0.0585455664316,0.0584555117234,0.0582653962282,0.0580252503396,0.0585355603529,0.0585255542742,0.0586756454546,0.0587957183989,0.0584855299595,0.0585855907464,0.0586156089825,0.0588357427137,0.0591859554679,0.0591159129171,0.0595061499861,0.0598263445043,0.060096508629,0.0602165815733,0.0608169462949,0.0608869888457,0.0611471468917,0.0612572137574,0.0612071833639,0.0611971772852,0.0613872927804,0.0613372623869,0.0615273778821,0.0617074872985,0.0617375055346,0.0626080343809,0.062638052617,0.0630382957647,0.0629682532138,0.0633785024402,0.0631783808664,0.0634485449911,0.0637387212732,0.064038903634,0.0637387212732,0.0633484842042,0.0641489704996,0.0642190130504,0.0645292014899,0.0652196209197,0.0656598883822,0.0654097364149,0.0657599491691,0.065729930933,0.0663302956546,0.0666905144876,0.0663102834972,0.0667205327236,0.0671908184222,0.0671407880287,0.0671608001861,0.0679412743242,0.0680013107963,0.0681213837406,0.0681814202128,0.0678312074585,0.0683215053145,0.0684916086523,0.0687317545409,0.0684916086523,0.0688718396426,0.069542246915,0.0698324231971,0.0711332134272,0.0726141130737,0.0738348546742,0.0747454078353,0.0756759731537,0.0774070247675,0.0789379548075,0.0801987207228,0.081269371143,0.082570161373,0.0832105504094,0.083580775321,0.0835207388489,0.0845113406394,0.0851617357545,0.0844312920099,0.0851617357545,0.0853618573283,0.0853218330136,0.0856420275317,0.0857821126334,0.0857921187121,0.0869628299192,0.0864825381419,0.0863224408828,0.086512556378,0.0862724104894,0.0862223800959,0.0869528238405,0.087523170326,0.0876932736638,0.0882736262279,0.0885537964313,0.0890140760512,0.0896444590088,0.0901747811796,0.0905950364847,0.0917057112196,0.0913054680719,0.0910152917898,0.0913254802292,0.0915556200392,0.0915956443539,0.0917357294556,0.0918958267147,0.0927163251675,0.0930465257644,0.0927363373249,0.0930565318431,0.0932366412596,0.0939670850041,0.094427364624,0.0944673889388,0.094817601693,0.0951878266047,0.0947775773783,0.0942772734436,0.0940671457911,0.0950877658177,0.0957581730902,0.0961283980018,0.0955580515163,0.0961384040805,0.0967687870381,0.0965986837003,0.0977293705926,0.0988500514062,0.0996205194656,0.0997305863312,0.0991802520031,0.0991602398457,0.0996005073082,0.0999807382985,0.100481042233,0.100400993604,0.100380981446,0.100441017918,0.10058110302,0.100240896345,0.101561698732,0.101671765598,0.10219208169,0.1024222215,0.102001966194,0.102622343073,0.103372798975,0.103863096831,0.10456352234,0.105574136288,0.105414039029,0.105474075501,0.106944969069,0.107365224374,0.107495303397,0.108716044997,0.108646002446,0.108876142256,0.109786695417,0.110527145241,0.111337637615,0.113328847275,0.113318841196,0.1142093822,0.115209990069,0.115470148115,0.116330670883,0.117261236201,0.117321272673,0.117711509742,0.118331886621,0.11803170426,0.118091740732,0.118662087218,0.119312482333,0.120303084124,0.121063546104,0.120983497475,0.121463789252,0.121543837882,0.122284287705,0.123014731449,0.124535655411,0.124625710119,0.125886476034,0.126066585451,0.127137235871,0.12874821454,0.129998974377,0.130979570089,0.131039606561,0.131019594404,0.131389819315,0.132760652096,0.133150889165,0.133781272123,0.133361016818,0.133561138392,0.134011411933,0.134521721946,0.135542341973,0.137033247698,0.137943800859,0.137983825174,0.138524153423,0.138944408728,0.139754901102,0.141005660939,0.141215788592,0.1425265849,0.143227010409,0.143146961779,0.143517186691,0.144948055944,0.145188201833,0.146569040692,0.147699727585,0.147999909945,0.149150608995,0.149410767041,0.150591484327,0.151682146904,0.152412590649,0.152722779088,0.153793429508,0.154443824623,0.155524481122,0.156164870159,0.157125453713,0.157265538815,0.158046012953,0.158596347281,0.158946560035,0.159546924757,0.16120793382,0.162318608555,0.163509331919,0.165320432163,0.166150936694,0.168472346951,0.168932626571,0.169773137181,0.170983872703,0.171784358998,0.171934450178,0.172604857451,0.172584845294,0.17299509452,0.174255860435,0.173695520028,0.175576662823,0.176697343636,0.17804816426,0.179288918018,0.180829854136,0.181610328274,0.182971154977,0.183641562249,0.184912334243,0.186633379778,0.186753452723,0.189044844743,0.190045452612,0.191086084797,0.192526960128,0.19381774428,0.194778327834,0.196409318661,0.19710974417,