# R script for Peak Model
#  -- generated by MACS
p <- c(0.0114651074121,0.0146646722712,0.0173309763206,0.01946401956,0.0207971715847,0.0207971715847,0.0202639107748,0.0183974979403,0.0181308675353,0.0205305411797,0.0197306499649,0.0181308675353,0.0173309763206,0.0170643459156,0.0197306499649,0.0213304323945,0.0215970627995,0.0239967364438,0.0258631492784,0.0237301060389,0.0242633668488,0.0247966276586,0.0269296708981,0.0282628229227,0.0263964100882,0.0250632580636,0.0263964100882,0.0250632580636,0.0237301060389,0.0263964100882,0.027196301303,0.0263964100882,0.0250632580636,0.0263964100882,0.0253298884685,0.0266630404932,0.0255965188734,0.0242633668488,0.0239967364438,0.0215970627995,0.0205305411797,0.0215970627995,0.0215970627995,0.0191973891551,0.0207971715847,0.0191973891551,0.0189307587501,0.0205305411797,0.01946401956,0.0191973891551,0.0191973891551,0.0183974979403,0.0189307587501,0.0197306499649,0.0199972803699,0.0207971715847,0.0205305411797,0.01946401956,0.0205305411797,0.0210638019896,0.0202639107748,0.0197306499649,0.0175976067255,0.0167977155107,0.0167977155107,0.0183974979403,0.0191973891551,0.0183974979403,0.0170643459156,0.0165310851058,0.0170643459156,0.0183974979403,0.01946401956,0.0191973891551,0.0183974979403,0.0165310851058,0.0167977155107,0.0178642371304,0.0186641283452,0.01946401956,0.0199972803699,0.0202639107748,0.0210638019896,0.0221303236093,0.0221303236093,0.0253298884685,0.0242633668488,0.0253298884685,0.0255965188734,0.0245299972537,0.0247966276586,0.0239967364438,0.023196845229,0.0239967364438,0.0261297796833,0.023463475634,0.0247966276586,0.023463475634,0.0239967364438,0.0255965188734,0.0258631492784,0.027196301303,0.027196301303,0.0247966276586,0.0221303236093,0.0218636932044,0.0197306499649,0.0215970627995,0.0210638019896,0.0215970627995,0.0221303236093,0.0210638019896,0.0210638019896,0.023196845229,0.0245299972537,0.0261297796833,0.0285294533277,0.0285294533277,0.0279961925178,0.0295959749474,0.0298626053523,0.0303958661622,0.0298626053523,0.0295959749474,0.0282628229227,0.0290627141375,0.0282628229227,0.0285294533277,0.0293293445425,0.0261297796833,0.0269296708981,0.027196301303,0.0293293445425,0.0277295621129,0.0295959749474,0.027196301303,0.0266630404932,0.0263964100882,0.0287960837326,0.0285294533277,0.0255965188734,0.0258631492784,0.0229302148241,0.0239967364438,0.0218636932044,0.0239967364438,0.0258631492784,0.0242633668488,0.0213304323945,0.0221303236093,0.0229302148241,0.0207971715847,0.0221303236093,0.0213304323945,0.0229302148241,0.0210638019896,0.0197306499649,0.0221303236093,0.0223969540143,0.023463475634,0.023196845229,0.0242633668488,0.0250632580636,0.0266630404932,0.027462931708,0.0277295621129,0.0269296708981,0.0245299972537,0.0245299972537,0.023463475634,0.023463475634,0.0247966276586,0.0237301060389,0.023196845229,0.0223969540143,0.0218636932044,0.0229302148241,0.0242633668488,0.0255965188734,0.0258631492784,0.0261297796833,0.0239967364438,0.023463475634,0.0237301060389,0.0245299972537,0.0250632580636,0.0247966276586,0.023463475634,0.023463475634,0.0229302148241,0.0245299972537,0.0263964100882,0.0266630404932,0.027462931708,0.0263964100882,0.0266630404932,0.0258631492784,0.0250632580636,0.023463475634,0.0255965188734,0.027462931708,0.0263964100882,0.0263964100882,0.0250632580636,0.0245299972537,0.0250632580636,0.0245299972537,0.0239967364438,0.023196845229,0.023196845229,0.01946401956,0.0191973891551,0.0202639107748,0.0202639107748,0.0199972803699,0.0189307587501,0.01946401956,0.0202639107748,0.0210638019896,0.0202639107748,0.0210638019896,0.0226635844192,0.0242633668488,0.0237301060389,0.0245299972537,0.0247966276586,0.0269296708981,0.0277295621129,0.0287960837326,0.027196301303,0.0253298884685,0.0245299972537,0.0215970627995,0.0229302148241,0.023196845229,0.023463475634,0.023463475634,0.023463475634,0.0221303236093,0.0239967364438,0.0258631492784,0.0269296708981,0.0277295621129,0.0269296708981,0.0269296708981,0.027462931708,0.0261297796833,0.0266630404932,0.0285294533277,0.0282628229227,0.027462931708,0.0255965188734,0.0263964100882,0.0266630404932,0.0263964100882,0.0253298884685,0.0253298884685,0.0261297796833,0.0258631492784,0.0263964100882,0.027462931708,0.0287960837326,0.0298626053523,0.0298626053523,0.0309291269721,0.031195757377,0.0314623877819,0.0309291269721,0.0293293445425,0.0282628229227,0.0263964100882,0.0258631492784,0.0263964100882,0.0250632580636,0.0245299972537,0.0258631492784,0.0266630404932,0.0269296708981,0.027462931708,0.0285294533277,0.0298626053523,0.0317290181869,0.0290627141375,0.0298626053523,0.0301292357573,0.0303958661622,0.031195757377,0.0309291269721,0.0309291269721,0.0290627141375,0.0293293445425,0.0279961925178,0.0306624965671,0.031195757377,0.0287960837326,0.0277295621129,0.0269296708981,0.027462931708,0.0298626053523,0.031195757377,0.035195213451,0.0447939080285,0.0541259722011,0.058658689085,0.0679907532576,0.0807890126943,0.0869215120077,0.0967868369902,0.106652161973,0.113851182906,0.116517486955,0.11518433493,0.110118357237,0.111718139666,0.112518030881,0.110118357237,0.110651618047,0.105052379543,0.101052923469,0.0989198802296,0.100253032254,0.0981199890148,0.0986532498247,0.0957203153704,0.0941205329409,0.0946537937507,0.0959869457754,0.111718139666,0.110651618047,0.114651074121,0.111984770071,0.111718139666,0.112518030881,0.121050203839,0.121316834244,0.120250312624,0.117584008575,0.105585640353,0.106652161973,0.107185422783,0.109051835617,0.109051835617,0.111184878856,0.104252488328,0.106652161973,0.103185966709,0.111718139666,0.115984226145,0.11678411736,0.112518030881,0.114384443716,0.114917704526,0.111451509261,0.114917704526,0.113051291691,0.119983682219,0.113317922096,0.113851182906,0.113851182906,0.119183791004,0.11571759574,0.118650530195,0.127182703152,0.126916072747,0.132781941656,0.127715963962,0.127982594367,0.123716507888,0.122383355864,0.123716507888,0.126649442343,0.126916072747,0.121050203839,0.118917160599,0.114651074121,0.127182703152,0.129582376797,0.128249224772,0.131448789631,0.131448789631,0.131715420036,0.130648898416,0.129849007202,0.134115093681,0.131715420036,0.125316290318,0.123716507888,0.125849551128,0.128782485582,0.125049659913,0.130382268012,0.13784791935,0.138381180159,0.13731465854,0.143180527448,0.139980962589,0.140247592994,0.140780853804,0.13624813692,0.13464835449,0.130915528821,0.125849551128,0.129315746392,0.129849007202,0.125582920723,0.124516399103,0.126382811938,0.127982594367,0.132248680846,0.133315202466,0.134914984895,0.13678139773,0.135448245705,0.134914984895,0.13571487611,0.134115093681,0.133048572061,0.130382268012,0.125316290318,0.127982594367,0.125582920723,0.122916616673,0.127715963962,0.129049115987,0.132781941656,0.135981506515,0.135448245705,0.13731465854,0.141580745019,0.143447157853,0.145580201093,0.149046396357,0.147713244332,0.150646178786,0.149046396357,0.151979330811,0.15411237405,0.156512047695,0.153579113241,0.154379004455,0.1567786781,0.157578569315,0.15731193891,0.157045308505,0.161311394984,0.1567786781,0.15624541729,0.154912265265,0.159444982149,0.162111286198,0.169310307132,0.165844111867,0.163444438223,0.163444438223,0.161578025389,0.165844111867,0.168510415917,0.171443350371,0.173309763206,0.172509871991,0.168777046322,0.169043676727,0.171976611181,0.178109110494,0.177575849684,0.179708892924,0.184241609808,0.182908457783,0.190907369931,0.199972803699,0.19623997803,0.203172368558,0.209038237466,0.203705629368,0.209571498276,0.222636388118,0.223969540143,0.232768343505,0.236501169174,0.238367582009,0.243700190107,0.243700190107,0.246899754967,0.248232906991,0.25196573266,0.247433015777,0.255965188734,0.265563883312,0.265030622502,0.263430840072,0.270096600196,0.268763448171,0.272762904245,0.280761816393,0.29142703259,0.292760184615,0.294893227854,0.289827250161,0.29142703259,0.302358879192,0.305025183242,0.317290181869,0.319156594703,0.321556268348,0.327955398066,0.3298218109,0.335154418999,0.337820723048,0.335421049404,0.333288006164,0.342620070337,0.35088561289,0.354085177749,