# R script for Peak Model
#  -- generated by MACS
p <- c(0.0255218197057,0.0300010279622,0.0341579910203,0.0386533115367,0.0428424991146,0.0428263868547,0.0425202539163,0.0434225404716,0.0431969688328,0.0439864695686,0.0438092347095,0.0435675508108,0.0437447856699,0.0435836630707,0.04372867341,0.0436158875906,0.0435836630707,0.0433097546522,0.0433580914319,0.0430036217138,0.0428908358944,0.0432614178724,0.0433097546522,0.0431969688328,0.0431808565729,0.0440348063484,0.0436319998505,0.0433742036918,0.0435675508108,0.0434386527315,0.0437125611501,0.0435031017712,0.0438092347095,0.044099255388,0.0445181741458,0.0438253469695,0.0443731638066,0.0440831431281,0.0438414592294,0.0435031017712,0.0436803366302,0.0434386527315,0.0427458255551,0.0419724370792,0.0416018551012,0.0414729570218,0.0411668240834,0.0411990486033,0.0416985286606,0.042004661599,0.0416018551012,0.0419563248193,0.0429230604142,0.04372867341,0.04372867341,0.0438414592294,0.0439864695686,0.0442764902471,0.0438092347095,0.043905908269,0.0434869895112,0.0432775301323,0.042778050075,0.0427297132952,0.0429391726741,0.0426974887754,0.0422785700176,0.0423752435771,0.0428424991146,0.0424719171366,0.0424719171366,0.0426330397357,0.0425685906961,0.0423752435771,0.0424235803568,0.0428747236345,0.0435675508108,0.0438897960091,0.0437770101897,0.0442442657273,0.0449370929036,0.044679296745,0.044679296745,0.0446148477053,0.0447598580445,0.0446954090049,0.0445826231855,0.0443248270268,0.0442120412074,0.0438575714893,0.0433742036918,0.0435997753306,0.0427619378151,0.0432130810927,0.0427136010353,0.0426169274758,0.0425363661762,0.0428424991146,0.0428263868547,0.0433097546522,0.0440025818285,0.044292602507,0.0449532051635,0.0445665109256,0.0447598580445,0.0449048683838,0.0447276335247,0.0444376128462,0.0449693174234,0.0447115212648,0.0441798166876,0.0441798166876,0.0447759703045,0.0449370929036,0.0447437457846,0.0446954090049,0.0448404193441,0.0448081948243,0.0446470722251,0.0446470722251,0.0446470722251,0.0441637044277,0.0436158875906,0.0432775301323,0.0433258669121,0.0438092347095,0.0439703573087,0.0443409392867,0.0439381327889,0.0443087147669,0.0445503986656,0.0446309599652,0.044872643864,0.0451948890623,0.0452915626217,0.044856531604,0.0449854296834,0.0449048683838,0.0450821032429,0.0449048683838,0.0454204607011,0.04562992008,0.0454204607011,0.0453560116614,0.0453237871416,0.0455654710403,0.045807154939,0.0458393794589,0.0463388595162,0.0464194208158,0.0457910426791,0.0466449924546,0.047144472512,0.0475633912698,0.0480628713272,0.047708401609,0.047901748728,0.0480306468073,0.048095095847,0.0483045552259,0.0485462391246,0.0477245138689,0.0472411460715,0.0470961357323,0.046757778274,0.0475472790099,0.047144472512,0.0473539318909,0.0466127679348,0.0463227472563,0.0465966556749,0.0464999821154,0.0473539318909,0.0477728506487,0.0477889629086,0.0473217073711,0.0477406261289,0.0479178609879,0.0489168211027,0.0492551785609,0.0489651578824,0.0491585050014,0.0491746172613,0.0491585050014,0.0497224340984,0.0498835566976,0.0497385463584,0.049239066301,0.0489973824023,0.0494485256799,0.0495129747195,0.0497868831381,0.0500285670368,0.0497063218385,0.0497546586183,0.0500607915567,0.0504474857946,0.0506247206537,0.0508341800326,0.0505119348343,0.0506730574334,0.0507052819533,0.050366924495,0.0508502922925,0.0511886497507,0.0510436394115,0.0508986290723,0.0510597516714,0.0512530987904,0.0516236807684,0.0514303336495,0.0519137014469,0.0521070485659,0.0519620382267,0.0520748240461,0.0531382332005,0.0533638048393,0.0537666113372,0.0529126615617,0.0530093351211,0.05323490676,0.0533799170992,0.0531382332005,0.0533154680595,0.0531704577203,0.0523970692444,0.052090936306,0.051704242068,0.0524937428039,0.0519620382267,0.0524776305439,0.0527676512224,0.052654865403,0.0521231608258,0.051897589187,0.0514464459094,0.0512369865305,0.052268171165,0.0521714976056,0.0525098550638,0.0528321002621,0.0528159880022,0.0535249274384,0.0539116216764,0.0541210810553,0.0547011224123,0.0554422863684,0.0553456128089,0.0561028890249,0.0570696246198,0.0573435330384,0.0573435330384,0.0574885433776,0.0582135950738,0.0586647383514,0.0590997693691,0.0592770042282,0.0590675448493,0.0588258609506,0.0579074621354,0.0574885433776,0.0573274207784,0.0571340736595,0.0568923897607,0.05702128784,0.0566990426417,0.0566184813422,0.0565701445624,0.0564251342232,0.0569246142806,0.0571179613995,0.0573274207784,0.057971911175,0.0577624517961,0.058165258294,0.0586002893117,0.0590836571092,0.0590192080695,0.0594381268273,0.0599053823649,0.0603081888628,0.0605820972813,0.0599698314045,0.0608721179598,0.0604209746822,0.0605498727615,0.0607432198805,0.0612910367176,0.0617421799952,0.0620966497133,0.0622577723125,0.0626122420306,0.063111722088,0.0633856305066,0.0638206615243,0.0647551725994,0.0649646319783,0.0649968564981,0.0650451932778,0.0650935300576,0.0651418668373,0.0650774177977,0.0660441533926,0.06652752119,0.0674298077453,0.0679615123225,0.0687187885385,0.0699110957722,0.0709745049266,0.0713934236844,0.0726501799578,0.0741808446498,0.0755020499628,0.0759209687206,0.0760982035797,0.0765654591172,0.0772099495138,0.077371072113,0.0771938372539,0.078321695448,0.078321695448,0.0782089096286,0.0776449805316,0.0784022567476,0.0783539199678,0.0787728387256,0.0793045433028,0.0794334413821,0.0802390543779,0.0799651459594,0.0803518401973,0.0807063099155,0.0803840647171,0.080609636356,0.0811091164133,0.0810124428538,0.0809963305939,0.0820758520082,0.0820275152285,0.0820597397483,0.0818019435897,0.0826236688454,0.0842026703171,0.0845410277753,0.0845571400352,0.0843315683964,0.0843637929162,0.0846215890749,0.0856366614495,0.0858622330883,0.0870545403221,0.0869739790225,0.0870384280621,0.0869417545027,0.0878118165381,0.0888752256925,0.0893585934899,0.0896002773887,0.0897130632081,0.0909537072215,0.0915015240587,0.0907442478426,0.0906959110629,0.0914854117988,0.0918721060367,0.0924360351337,0.0926616067726,0.0932094236097,0.0929032906713,0.0929194029312,0.0933866584687,0.0952234560991,0.0960612936147,0.0968669066104,0.0972213763286,0.0982525609632,0.099428755937,0.0995415417564,0.100218256673,0.10079829803,0.100202144413,0.100008797294,0.099235408818,0.0987037042408,0.100331042492,0.100008797294,0.0997026643555,0.101168880008,0.10265120792,0.102780105999,0.103891851933,0.103988525493,0.105051934647,0.105519190185,0.105406404366,0.106131456062,0.106582599339,0.106630936119,0.106663160639,0.107468773635,0.107887692392,0.108870540247,0.109724490023,0.110368980419,0.110771786917,0.111094032116,0.111915757371,0.111802971552,0.111996318671,0.112721370367,0.11401035116,0.114606504777,0.115814924271,0.116894445685,0.1178934058,0.118038416139,0.119198498853,0.120406918347,0.121115857783,0.121502552021,0.1217120114,0.123146002532,0.122888206374,0.123436023211,0.123258788352,0.123307125131,0.124193299427,0.124934463383,0.126094546097,0.126545689374,0.126481240335,0.126062321577,0.12730296559,0.128301925705,0.129494232939,0.131379367349,0.130493193054,0.130477080794,0.130718764692,0.130831550512,0.132088306785,0.133506185658,0.133941216675,0.134360135433,0.135455769107,0.136486953742,0.13872655787,0.140305559342,0.141755662734,0.143753582964,0.144688094039,0.145429257995,0.147282167885,0.148071668621,0.148007219581,0.14821667896,0.148023331841,0.148732271278,0.149247863595,0.149731231392,0.149747343652,0.150585181168,0.150891314106,0.15203528456,0.153437051173,0.154645470667,0.156031125019,0.156901187055,0.157900147169,0.158770209205,0.161058150113,0.16167041599,0.163168856162,0.164312826616,0.165617919669,0.166262410065,0.167825299277,0.169581535608,0.170483822163,0.172546191432,0.173529039287,0.17491469364,0.175833092455,0.17681594031,0.177460430706,0.179007207658,0.178829972799,0.17868496246,0.179925606474,0.18060232139,0.180763443989,0.183341405576,0.183824773373,0.185452111624,0.185887142642,0.187482256374,0.189979656661,0.191413647793,0.192912087965,0.194329966838,0.19584451927,0.197310734922,0.199034746733,0.19961478809,0.202079963857,0.204077884086,0.206285263695,0.208814888502,