# R script for Peak Model
#  -- generated by MACS
p <- c(0.027825417414,0.0323568783926,0.0372253901878,0.0415883257581,0.0457452858294,0.0458950861923,0.045164809423,0.0455018602396,0.045876361147,0.0453520598767,0.0448090335611,0.0446030580621,0.0443783575177,0.0448277586065,0.0454082350128,0.0452397096045,0.0456142105118,0.0453707849221,0.0452958847406,0.0450337341055,0.0454082350128,0.0455018602396,0.0456703856479,0.0454456851035,0.0452397096045,0.0459325362831,0.0461946869182,0.0460074364645,0.0458950861923,0.0462134119635,0.0458576361016,0.0456142105118,0.0452209845591,0.0451460843777,0.0454644101489,0.0452397096045,0.0444719827445,0.0446405081528,0.0446405081528,0.0440225816557,0.0443596324723,0.0449962840147,0.045726560784,0.0464755625987,0.046494287644,0.0465504627801,0.0470373139597,0.0471683892772,0.0470934890958,0.0476926905475,0.0480484664094,0.0479548411826,0.0475241651392,0.046850063506,0.0468687885514,0.0467002631431,0.0470373139597,0.0468126134153,0.046850063506,0.0467189881884,0.046288312145,0.0458014609655,0.0454644101489,0.0453520598767,0.0449962840147,0.0450711841962,0.0452584346499,0.0452584346499,0.0445656079713,0.044752858425,0.0450899092416,0.0456891106933,0.0463257622357,0.0469062386421,0.0470747640504,0.0473556397309,0.0466253629616,0.0472807395494,0.0479361161372,0.0474305399123,0.0472432894587,0.0471496642318,0.0465317377348,0.0460636116006,0.0463444872811,0.0459512613284,0.0464193874626,0.0460261615099,0.0460448865552,0.0466253629616,0.0465691878255,0.0466066379162,0.0467377132338,0.046850063506,0.0471309391865,0.0475990653206,0.0474305399123,0.0479173910919,0.0479922912733,0.047411814867,0.0476926905475,0.0475803402753,0.0478050408197,0.0481420916363,0.0479922912733,0.0478050408197,0.0479361161372,0.0477675907289,0.0474305399123,0.0475054400938,0.0474492649577,0.0475803402753,0.0484416923621,0.0482544419084,0.0480110163187,0.0477488656836,0.0481608166816,0.0480484664094,0.0489659936324,0.0498647958099,0.0498273457192,0.0498273457192,0.0488910934509,0.0492655943582,0.049359219585,0.0502018466265,0.0500894963543,0.0502954718534,0.0496775453563,0.0494341197665,0.0499584210368,0.0501269464451,0.0502205716719,0.0498460707646,0.049714995447,0.0496213702202,0.0498086206738,0.0498273457192,0.0499584210368,0.0503703720348,0.0496400952655,0.0501082213997,0.0499771460821,0.0494341197665,0.0495277449933,0.0499958711275,0.0497898956285,0.0498460707646,0.0498647958099,0.0496400952655,0.0501456714904,0.0500145961729,0.0501643965358,0.0504265471709,0.0506137976246,0.0500520462636,0.0498273457192,0.0498647958099,0.0500894963543,0.0496775453563,0.0497711705831,0.0489659936324,0.0487974682241,0.0495277449933,0.0490408938138,0.0496400952655,0.0498086206738,0.0496026451748,0.0493779446304,0.049153244086,0.0489659936324,0.0492655943582,0.0495277449933,0.0489659936324,0.0497898956285,0.0490970689499,0.0485540426343,0.0489285435416,0.0489659936324,0.0496213702202,0.0494528448119,0.0493404945397,0.0492655943582,0.0493217694943,0.048741293088,0.0482918919992,0.0490408938138,0.0490408938138,0.0487974682241,0.0481046415455,0.0479548411826,0.0480671914548,0.0483480671353,0.0485165925436,0.0484229673167,0.0486289428158,0.047823765865,0.0478612159558,0.0481046415455,0.0484042422714,0.0487974682241,0.0486476678611,0.0483480671353,0.0480859165002,0.0476739655021,0.0479361161372,0.0491157939953,0.0486851179519,0.048591492725,0.0484604174075,0.0482731669538,0.0484042422714,0.0491719691314,0.0494902949026,0.0504078221256,0.0505763475338,0.050276746808,0.0503890970802,0.051044473668,0.0511755489856,0.0512317241217,0.0513815244846,0.0510819237587,0.0508946733051,0.0504639972616,0.0500894963543,0.0503141968987,0.0500894963543,0.0506325226699,0.051044473668,0.0515125998022,0.0517747504373,0.0516998502558,0.0520930762085,0.0519432758456,0.0519058257548,0.0518309255734,0.0521867014353,0.0518309255734,0.0519620008909,0.0513815244846,0.0513440743939,0.0516249500743,0.0516249500743,0.0524863021612,0.0530855036129,0.0528420780231,0.053497454611,0.0531978538851,0.0530855036129,0.053909405609,0.0539468556997,0.0535536297471,0.0536285299285,0.0541528311988,0.0543588066978,0.054677132469,0.0545647821968,0.0546958575144,0.0547894827412,0.0549018330134,0.0551078085124,0.0554261342837,0.0555759346466,0.0553886841929,0.0553325090568,0.0552014337393,0.0555572096012,0.0554823094198,0.0556508348281,0.0554823094198,0.0561938611437,0.0563811115973,0.0567181624139,0.0566619872778,0.056362386552,0.0575607894554,0.0578416651359,0.0583472413608,0.0582910662247,0.058459591633,0.0579165653174,0.05754206441,0.0572424636842,0.0572986388203,0.0587030172227,0.0580101905442,0.0573735390017,0.0578603901813,0.0580663656803,0.0582536161339,0.0592834936291,0.0604818965325,0.0608938475306,0.0608189473491,0.0604257213964,0.060968747712,0.0611747232111,0.0612870734833,0.0619424500711,0.0634591787457,0.0638149546077,0.0652755081462,0.0672229128643,0.069507368399,0.0720726996141,0.0736268783795,0.0763420099576,0.0789260662181,0.0806674954372,0.0816411977962,0.0835886025143,0.0842439791021,0.084543579828,0.0848806306445,0.0848431805538,0.0852176814611,0.0854985571416,0.084749555327,0.0849180807353,0.0852738565972,0.0854611070509,0.0851802313704,0.086285009047,0.086285009047,0.085723257686,0.0860415834572,0.0862662840016,0.0864722595007,0.086490984546,0.0867344101358,0.0868842104987,0.0875208620412,0.087820462767,0.0889626905344,0.090067468211,0.0907790199349,0.0906479446173,0.0913220462505,0.0924829990632,0.0928574999705,0.0920335979744,0.0928574999705,0.0923519237456,0.0916216469763,0.0915092967041,0.0906104945266,0.0906104945266,0.0908164700256,0.090835195071,0.0910037204793,0.0916965471578,0.0911722458876,0.0914905716588,0.0917339972485,0.0915654718402,0.0919025226568,0.0922395734734,0.0921459482466,0.0917901723846,0.0916216469763,0.092164673292,0.092370648791,0.0926327994261,0.0930073003334,0.0937563021481,0.0947861796432,0.0947112794618,0.0959471324559,0.0966399591345,0.0973702359037,0.0972578856315,0.0974264110398,0.0978196369925,0.0982503130359,0.0987558892608,0.0989618647599,0.0994487159394,0.0985499137618,0.0984001133989,0.0981379627637,0.0982128629452,0.0984188384442,0.0983439382628,0.0982503130359,0.0980817876277,0.0982503130359,0.0987558892608,0.098868239533,0.0999168420735,0.0999168420735,0.0999168420735,0.0998606669374,0.100104092527,0.100029192346,0.100366243162,0.100984169659,0.101227595249,0.101414845703,0.100984169659,0.101377395612,0.102463448243,0.103380975466,0.103586950965,0.103886551691,0.104448303052,0.10461682846,0.105066229549,0.106058656954,0.10639570777,0.107238334812,0.107556660583,0.107762636082,0.107800086173,0.108605263123,0.108923588895,0.108755063486,0.109017214121,0.108605263123,0.10918573953,0.10946661521,0.110402867479,0.111264219565,0.11124549452,0.111994496335,0.112855848422,0.113586125191,0.114372577096,0.116750657858,0.117274959128,0.117855435534,0.117480934627,0.118117586169,0.119372164209,0.120327141523,0.1212259437,0.121937495424,0.122349446422,0.122611597057,0.123828725006,0.124465376548,0.125289278545,0.126431506312,0.128566161484,0.129689664206,0.128996837527,0.129240263117,0.130251415567,0.129764564387,0.129483688707,0.130888067109,0.132311170557,0.132198820285,0.131749419196,0.131730694151,0.133209972734,0.134052599776,0.133884074368,0.134483275819,0.135119927362,0.135213552589,0.135719128814,0.136393230447,0.136786456399,0.137872509031,0.138452985437,0.138209559847,0.138958561662,0.139819913749,0.14090596638,0.142254169646,0.142591220463,0.143227872005,0.143958148775,0.144557350226,0.145624677812,0.147122681441,0.148021483619,0.149575662384,0.150437014471,0.150437014471,0.152496769462,0.152983620641,0.15472504986,0.156372853852,0.157103130622,0.157908307572,0.158975635158,0.15933141102,0.159893162381,0.161091565285,0.161166465466,0.162495943687,0.163544546228,0.16369434659,0.164162472725,0.165585576172,0.166652903758,0.168319432796,0.169911061652,0.170828588875,0.172457667822,0.173993121542,0.175097899218,0.177251279436,0.180266011739,