# R script for Peak Model
#  -- generated by MACS
p <- c(0.0264493185525,0.0310939653226,0.0354526116757,0.0396854178455,0.043609343565,0.043677983665,0.0441127042987,0.0438381438985,0.0439182240152,0.0443186245988,0.0444787848323,0.044135584332,0.0441813443987,0.0444559047989,0.0450279056327,0.0448334253492,0.0449707055493,0.044593184999,0.044101264282,0.0438152638651,0.0438495839152,0.0441813443987,0.0438495839152,0.0438038238485,0.0435178234316,0.0437237437317,0.0438152638651,0.0438267038818,0.0439296640319,0.0437695037984,0.0435635834983,0.0434148632815,0.0438267038818,0.0440211841653,0.0446046250157,0.0447533452325,0.0447190251825,0.0449707055493,0.0448563053826,0.0451079857494,0.0450050255993,0.0449707055493,0.0451537458161,0.044947825516,0.0446732651158,0.0446503850824,0.0441813443987,0.0440211841653,0.0444787848323,0.0444444647823,0.0446503850824,0.0445016648656,0.044101264282,0.0441127042987,0.0439983041319,0.0440097441486,0.0448677453992,0.045016465616,0.0450622256827,0.0452109458995,0.0451880658661,0.0456113464831,0.0458630268499,0.0458744668666,0.0457486266832,0.0456799865831,0.0453825461496,0.0454511862496,0.0450050255993,0.0447190251825,0.0444673448156,0.0447190251825,0.0447304651991,0.0448105453159,0.0449935855827,0.0453711061329,0.0456342265164,0.0462634274336,0.0462405474002,0.046457907717,0.0471214286842,0.0469727084674,0.0472472688676,0.0477163095513,0.047796389668,0.0478192697014,0.0469841484841,0.046457907717,0.0468583083007,0.0469727084674,0.0466523880005,0.0464350276837,0.0459087869166,0.0452910260162,0.0458515868333,0.045508386333,0.0462176673669,0.046915508384,0.0465151078004,0.0459545469833,0.0457257466498,0.04600030705,0.0465723078838,0.046812548234,0.0462863074669,0.0462405474002,0.0460918271834,0.0454626262663,0.0461947873335,0.0463091875003,0.046812548234,0.0462062273502,0.0461719073002,0.0458515868333,0.0460575071334,0.0461261472335,0.0462748674502,0.0462062273502,0.045439746233,0.0460231870834,0.0457371866665,0.0462634274336,0.0462977474836,0.0469040683674,0.0468239882506,0.0470871086342,0.0470184685341,0.0473959890844,0.047830709718,0.0478764697847,0.0480938301016,0.0478535897514,0.0478993498181,0.0472930289343,0.047338789001,0.0471214286842,0.0469269484007,0.0466066279338,0.0463091875003,0.0460231870834,0.0460689471501,0.0461947873335,0.0461604672835,0.046457907717,0.0463663875836,0.0467324681172,0.0468354282673,0.0474531891678,0.0479565499015,0.047830709718,0.0480709500682,0.0481967902516,0.0481395901683,0.0478879098014,0.0480251900015,0.0474875092178,0.0480595100515,0.0479565499015,0.0478421497347,0.0483226304351,0.0478879098014,0.0480366300182,0.0480709500682,0.0489060712855,0.0493522319358,0.0496839924194,0.0490547915023,0.0486543909186,0.0488374311854,0.0485514307686,0.0484713506518,0.0484827906685,0.0486887109687,0.0481624702016,0.0477506296013,0.047762069618,0.0481739102183,0.048642950902,0.0484599106352,0.0485743108019,0.048711591002,0.0487573510687,0.048711591002,0.049169191669,0.0493979920025,0.0499013527362,0.0499471128029,0.0498441526528,0.0503246333532,0.0502559932531,0.0508623141369,0.0507135939201,0.0506563938368,0.0501987931698,0.0502674332698,0.0501530331031,0.0502102331864,0.0502331132198,0.0500615129697,0.0506106337701,0.0505648737034,0.0510567944204,0.0513084747872,0.0519948757877,0.0522351161379,0.0520635158878,0.0524982365214,0.0526698367716,0.0528986371051,0.0526583967549,0.0523609563213,0.0523838363547,0.051949115721,0.0516974353542,0.0513313548206,0.0515487151374,0.0518347155543,0.0520177558211,0.0519948757877,0.0526583967549,0.0531045574052,0.0530473573218,0.0532990376887,0.0533905578221,0.0535392780389,0.0538481584891,0.0531846375219,0.0529443971718,0.0530931173885,0.0523266362713,0.0526698367716,0.0528528770384,0.0536193581556,0.0535507180555,0.0536307981723,0.0533333577387,0.0535278380222,0.054202799006,0.0541112788726,0.0547976798731,0.0547404797897,0.0547862398564,0.054202799006,0.0545459995062,0.0548892000065,0.0557014411904,0.0555184009236,0.0551637604067,0.0556785611571,0.055644241107,0.0555641609903,0.0555527209736,0.0561590418574,0.0566852826245,0.056948403008,0.0566166425244,0.0570628031747,0.0577034441085,0.0576119239751,0.0579436844587,0.0580695246421,0.0581839248089,0.057897924392,0.0580580846255,0.0579665644921,0.0575661639084,0.0578864843753,0.0575204038417,0.0575204038417,0.0570056030914,0.0569712830413,0.0576805640752,0.0577606441919,0.0581038446922,0.0585042452758,0.0590876861262,0.0591906462763,0.0590991261429,0.0594194466098,0.0598999273101,0.0601287276436,0.0596139268933,0.0604719281439,0.060151607677,0.0602774478604,0.0603232079271,0.0606320883773,0.0612498492778,0.0613299293945,0.0609180887942,0.0609752888776,0.0614443295613,0.0609066487775,0.0606892884607,0.0605634482773,0.0605863283106,0.0603232079271,0.0605520082606,0.0607922486108,0.0616044897947,0.0630459318958,0.0633776923793,0.0644988140135,0.0648877745804,0.0656199356476,0.0660317762479,0.0668211373985,0.0674503383156,0.0682854595329,0.0688574603666,0.0686057799998,0.0692921810003,0.0698527418174,0.0711111436516,0.0710997036349,0.072152185169,0.0728385861695,0.072575465786,0.0727013059694,0.0728614662029,0.0732733068032,0.0736965874201,0.0737652275202,0.0737309074702,0.0745774687041,0.0747490689542,0.0748863491543,0.0759502707051,0.0763621113054,0.0771057123893,0.0777234732897,0.0775976331063,0.0773573927561,0.0773573927561,0.0766023516556,0.0769798722059,0.0770370722892,0.0769341121392,0.0774832329396,0.0775976331063,0.0774946729562,0.0776319531563,0.0782611540735,0.0789017950073,0.0804919573251,0.0810181980921,0.0817846792093,0.0830316410269,0.0832833213938,0.0830430810436,0.0834206015939,0.0836494019274,0.0837523620774,0.0839354023442,0.0839582823776,0.0843472429445,0.0838782022609,0.0834778016772,0.0831803612437,0.0841413226444,0.0839697223943,0.0844845231446,0.084999323895,0.0855942047621,0.0859602852957,0.0852624442785,0.0858344451123,0.0859030852123,0.0865322861295,0.0865780461962,0.0870585268965,0.0874131674134,0.0879165281471,0.0880538083472,0.088236848614,0.0891062898813,0.0892206900481,0.089609650615,0.0898613309819,0.0898956510319,0.0906506921324,0.0916345335665,0.0922294144336,0.0930302156008,0.0931560557843,0.0934306161845,0.0940026170182,0.0945860578686,0.0948949383189,0.0959702998863,0.0957643795862,0.0960732600364,0.0958558997196,0.0962448602865,0.0972058216872,0.0982125431546,0.099676865289,0.100557746573,0.101278467623,0.101747508307,0.103063110225,0.102491109391,0.103154630358,0.103909671459,0.104287192009,0.104573192426,0.104127031776,0.104561752409,0.105511273793,0.10576295416,0.105980314477,0.106975595928,0.107753517062,0.107707756995,0.108348397929,0.108828878629,0.109309359329,0.109904240196,0.110487681047,0.111254162164,0.112089283381,0.112649844198,0.113141764915,0.114411606766,0.1154640883,0.115875928901,0.117317371002,0.117935131902,0.118644412936,0.119845614687,0.120326095387,0.122350978339,0.12416994099,0.124227141073,0.125130902391,0.126846904892,0.127338825609,0.127865066376,0.128379867126,0.129203548327,0.130244589845,0.130507710228,0.130473390178,0.130988190928,0.130553470295,0.130919550828,0.131388591512,0.13304739393,0.134099875464,0.134854916565,0.135129476965,0.136090438365,0.137474680383,0.139053402684,0.141032525569,0.14189052682,0.143229008771,0.143446369087,0.143972609854,0.145459812022,0.147095734407,0.147862215524,0.149040537241,0.150687899643,0.150802299809,0.152381022111,0.153627983928,0.154451665129,0.15558422678,0.155366866463,0.156625268297,0.157689189848,0.157917990181,0.157414629448,0.159210712066,0.160114473383,0.161029674717,0.162608397018,0.163946878969,0.166246322321,0.167413204021,0.168362725406,0.170055847873,0.171531610024,0.172183690975,0.173522172926,0.174322974093,0.176107616694,0.176931297895,0.177526178762,0.178349859963,0.180191702647,0.181861945082,0.183863948,0.185522750418,0.187055712652,0.188966195437,0.189709796521,0.191380038956,0.193279081724,0.195441244875,0.196299246126,0.19769492816,0.199593970928,0.201264213363,0.202316694897,