# R script for Peak Model
#  -- generated by MACS
p <- c(0.0313061195656,0.0356934379845,0.0401551177326,0.0446167974806,0.0495246452035,0.0477399733043,0.0474425279877,0.0478886959626,0.0483348639374,0.0495246452035,0.0489297545704,0.04982209052,0.0497477291909,0.0504169811531,0.0504169811531,0.0506400651405,0.0504913424823,0.0504169811531,0.0499708131783,0.04982209052,0.0491528385578,0.0478143346334,0.0478886959626,0.0467732760255,0.0472938053295,0.0466989146964,0.0470707213421,0.0455834947594,0.0468476373547,0.0471450826712,0.0472938053295,0.0489297545704,0.0494502838744,0.0506400651405,0.049227199887,0.0506400651405,0.04982209052,0.0499708131783,0.0479630572917,0.0475168893169,0.04811177995,0.0467732760255,0.0458065787468,0.0449142427972,0.0469963600129,0.0476656119751,0.04811177995,0.0493759225452,0.0500451745074,0.0502682584949,0.0490784772287,0.0497477291909,0.0515324010901,0.0527965436854,0.0508631491279,0.0496733678618,0.0493015612161,0.0491528385578,0.0497477291909,0.0496733678618,0.0505657038114,0.0518298464067,0.0509375104571,0.0504913424823,0.0517554850775,0.0523503757106,0.0522760143815,0.0512349557736,0.0511605944445,0.0524990983689,0.0524990983689,0.0504169811531,0.04982209052,0.0496733678618,0.0488553932413,0.0490041158996,0.049227199887,0.0495246452035,0.0497477291909,0.04811177995,0.0485579479248,0.0489297545704,0.0482605026082,0.04811177995,0.0496733678618,0.0493759225452,0.0500451745074,0.0511605944445,0.0504169811531,0.0517554850775,0.0509375104571,0.0518298464067,0.0538376022933,0.0539863249516,0.0518298464067,0.0524247370397,0.0527965436854,0.0524247370397,0.0530196276728,0.0524247370397,0.0529452663437,0.0522760143815,0.0519785690649,0.0512349557736,0.053688879635,0.0533914343185,0.0519042077358,0.0510118717862,0.050342619824,0.0507887877988,0.0496733678618,0.0504169811531,0.0504169811531,0.0513093171027,0.04982209052,0.0494502838744,0.0512349557736,0.053688879635,0.0538376022933,0.0528709050146,0.0550273835595,0.0550273835595,0.0548786609012,0.0545812155846,0.0545812155846,0.0548042995721,0.0536145183059,0.0524247370397,0.0541350476098,0.054209408939,0.0534657956476,0.0527221823563,0.0522760143815,0.0522760143815,0.0522760143815,0.0524990983689,0.0542837702681,0.054209408939,0.0527221823563,0.0532427116602,0.052573459698,0.0526478210272,0.053688879635,0.0548042995721,0.0550273835595,0.0549530222303,0.0535401569768,0.0541350476098,0.0542837702681,0.0544324929264,0.0552504675469,0.0561428034965,0.0561428034965,0.0562915261547,0.0562171648256,0.0556966355217,0.0556966355217,0.0544324929264,0.0548042995721,0.0531683503311,0.0521272917232,0.0513093171027,0.0520529303941,0.0510862331153,0.0524247370397,0.0534657956476,0.0532427116602,0.0537632409642,0.0526478210272,0.0543581315972,0.0542837702681,0.0549530222303,0.0541350476098,0.0546555769138,0.0533170729894,0.0519042077358,0.0518298464067,0.0531683503311,0.0539863249516,0.0530196276728,0.0534657956476,0.0540606862807,0.0542837702681,0.0556222741925,0.0560684421673,0.0563658874839,0.0578531140666,0.0569607781169,0.0571838621044,0.0574069460918,0.0574069460918,0.0557709968508,0.0552504675469,0.0536145183059,0.0523503757106,0.0550273835595,0.0565889714713,0.0565889714713,0.0568120554587,0.0574069460918,0.0577787527374,0.0581505593831,0.058671088687,0.0589685340036,0.0594890633075,0.058671088687,0.0568864167878,0.0568120554587,0.0571095007752,0.0565889714713,0.0565889714713,0.0584480046996,0.05755566875,0.0582992820414,0.0585223660288,0.0576300300792,0.0583736433705,0.0588941726744,0.0585967273579,0.0594147019784,0.0594890633075,0.0591172566618,0.0588941726744,0.0585967273579,0.0582249207122,0.0592659793201,0.0594890633075,0.0587454500162,0.0591172566618,0.0583736433705,0.0592659793201,0.0585967273579,0.0596377859658,0.0591172566618,0.0604557605863,0.0602326765989,0.0579274753957,0.0574069460918,0.0571095007752,0.0581505593831,0.0582249207122,0.0580018367248,0.0584480046996,0.0597865086241,0.0590428953327,0.0588198113453,0.0596377859658,0.0607532059028,0.0613480965359,0.0617942645107,0.0609762898902,0.0617942645107,0.0622404324855,0.0620173484981,0.0627609617894,0.0624635164729,0.062537877802,0.062537877802,0.0626866004603,0.061942987169,0.0620917098272,0.0629096844477,0.0628353231186,0.0613480965359,0.0607532059028,0.0623891551438,0.0620173484981,0.0632071297642,0.061942987169,0.0623891551438,0.0629096844477,0.0622404324855,0.0629096844477,0.0658097762839,0.0659584989422,0.0663303055879,0.0675944481832,0.0676688095123,0.0679662548288,0.0695278427407,0.0706432626777,0.0704945400194,0.0720561279312,0.0710150693233,0.074138245147,0.0729484638808,0.07302282521,0.072502295906,0.0739151611596,0.0726510185643,0.0716099599564,0.0727997412226,0.0707176240068,0.0706432626777,0.0690816747659,0.0685611454619,0.0678175321706,0.0671482802084,0.0666277509044,0.0692303974241,0.0708663466651,0.0732459091974,0.0748074971092,0.0778563116037,0.0795666221738,0.0834334112888,0.086333503125,0.0892335949613,0.0913900735062,0.0925054934432,0.0939183586967,0.0930260227471,0.0959261145834,0.0951081399629,0.0960748372416,0.094067081355,0.0956286692668,0.0968928118621,0.0989749290779,0.0992723743944,0.0997929036984,0.100313433002,0.0992723743944,0.0997929036984,0.100462155661,0.103139163509,0.102841718193,0.102321188889,0.101949382243,0.102098104902,0.103585331484,0.104180222117,0.104180222117,0.103585331484,0.104031499459,0.102618634205,0.102395550218,0.103808415472,0.104031499459,0.103510970155,0.10306480218,0.104031499459,0.10395713813,0.10306480218,0.102916079522,0.104403306105,0.105741810029,0.105518726042,0.10655978465,0.106336700662,0.106262339333,0.107005952624,0.108939347182,0.111988161676,0.112583052309,0.112062523006,0.112880497626,0.112285606993,0.110724019081,0.111616355031,0.110947103069,0.108716263194,0.108493179207,0.106857229966,0.105593087371,0.105890532687,0.104923835409,0.104849474079,0.106039255346,0.105444364713,0.106782868637,0.108493179207,0.107675204587,0.108864985853,0.109831683132,0.108939347182,0.10827009522,0.108567540536,0.108790624524,0.110203489777,0.109534237815,0.109534237815,0.109385515157,0.111393271043,0.11079838041,0.111616355031,0.112954858955,0.112731774968,0.11250869098,0.111170187056,0.111318909714,0.112211245664,0.114070278892,0.111393271043,0.113252304272,0.113177942943,0.11340102693,0.113177942943,0.114442085538,0.115483144146,0.115260060158,0.115185698829,0.113772833576,0.115185698829,0.11429336288,0.114739530854,0.114665169525,0.116672925412,0.115706228133,0.117193454716,0.11771398402,0.117862706678,0.11853195864,0.119573017248,0.120465353198,0.119870462565,0.121432050476,0.121878218451,0.121208966489,0.121060243831,0.121208966489,0.122175663768,0.123588529021,0.123885974338,0.123662890351,0.127232234149,0.125893730225,0.125521923579,0.125893730225,0.125224478262,0.127306595478,0.126339898199,0.12626553687,0.1245552263,0.123439806363,0.12195257978,0.122696193072,0.123514167692,0.124109058325,0.125968091554,0.123588529021,0.124034696996,0.123885974338,0.125596284908,0.128050208769,0.12976051934,0.129983603327,0.129909241998,0.129983603327,0.128645099403,0.130206687314,0.129463074023,0.130132325985,0.133255501809,0.131916997884,0.131173384593,0.13147082991,0.131099023264,0.130875939277,0.13228880453,0.131322107251,0.1339991151,0.132809333834,0.132437527188,0.134222199088,0.134817089721,0.135337619025,0.139501853456,0.139278769469,0.139650576114,0.142104499976,0.140691634722,0.141881415988,0.142178861305,0.142848113267,0.143219919913,0.143145558584,0.143517365229,0.146789263711,0.146194373078,0.145599482445,0.147532877003,0.147161070357,0.146343095736,0.145004591812,0.14604565042,0.145376398458,0.144781507825,0.144855869154,0.145302037129,0.147830322319,0.147830322319,0.150209884851,0.148499574281,0.149689355548,0.150953498143,0.153258699346,0.150804775485,0.153556144663,0.154522841941,0.155340816562,0.154299757954,0.154225396625,0.157794740423,0.157720379094,0.157125488461,0.157051127132,0.158612715044,0.157571656436,0.157943463081,0.156084429853,0.157422933778,