# R script for Peak Model
#  -- generated by MACS
p <- c(0.0347213294201,0.0406444337512,0.0465216225449,0.0525090086284,0.0583035494547,0.0579086758326,0.0572842245233,0.0573117738458,0.0572842245233,0.057146477911,0.0575321684255,0.0573301400608,0.057146477911,0.057073013051,0.0569628157612,0.0572750414158,0.0575689008555,0.0574770697806,0.0577984785428,0.0576239995004,0.0578260278652,0.0577984785428,0.0574770697806,0.0573485062757,0.0569352664387,0.0567699705039,0.0564026462043,0.0568618015788,0.0565863083541,0.0567883367188,0.0565312097091,0.0563750968818,0.0563934630968,0.0567424211814,0.0572750414158,0.0577801123278,0.0588729021191,0.0585974088944,0.058946366979,0.0591667615588,0.0588178034742,0.0591024798063,0.0597544804381,0.0592126770962,0.0591575784513,0.0587994372592,0.0581290704124,0.0582392677023,0.0581290704124,0.0579178589401,0.0581933521648,0.0583678312071,0.058496394712,0.0587810710442,0.0588912683341,0.0588361696891,0.0588545359041,0.058478028497,0.058459662282,0.0586433244318,0.0588453527966,0.0585514933569,0.0581290704124,0.0578811265102,0.0582209014873,0.0584504791745,0.0581474366274,0.0588729021191,0.0587351555067,0.0586892399693,0.0586249582169,0.0587810710442,0.0591392122363,0.0594606209985,0.0586984230768,0.0590841135914,0.0595249027509,0.0592310433112,0.0597912128681,0.0596167338258,0.0596075507183,0.0598922270505,0.0597636635456,0.0598554946205,0.060351382425,0.0596534662558,0.059396339246,0.059377973031,0.0590932966989,0.0590749304839,0.0594881703209,0.0592034939887,0.0595983676108,0.0595891845033,0.0597085649007,0.0595616351809,0.0601126216303,0.06036974864,0.0602687344576,0.0605166783598,0.0599840581254,0.0602136358126,0.0598279452981,0.0598003959756,0.0596901986857,0.0600575229853,0.0600758892003,0.0603421993175,0.0602228189201,0.0604707628224,0.0602503682426,0.0601677202752,0.0600575229853,0.0600575229853,0.0597269311157,0.0597177480082,0.0593136912786,0.0588453527966,0.0594606209985,0.0592769588487,0.0595891845033,0.0597361142232,0.0595616351809,0.0599565088029,0.0601309878452,0.0603789317475,0.0607278898321,0.0605534107898,0.0604432134999,0.0602962837801,0.0605442276823,0.0603789317475,0.0610401154868,0.0610309323793,0.0613523411414,0.061288059389,0.0612421438515,0.0618482289459,0.0616462005811,0.0621329052781,0.0618390458384,0.0620135248807,0.0615451863987,0.0619216938058,0.0615635526137,0.0612237776366,0.0610768479167,0.0607921715845,0.0612054114216,0.0611503127766,0.0611135803467,0.0613707073564,0.0619216938058,0.0613339749264,0.0620318910957,0.06267470862,0.0623624829653,0.062224736353,0.0617839471935,0.0613523411414,0.0613523411414,0.0610401154868,0.0606911574021,0.0610217492718,0.0606176925422,0.0603238331025,0.0612421438515,0.0611319465617,0.0612054114216,0.0615084539688,0.0620594404182,0.0621604546006,0.0623624829653,0.0621512714931,0.0624175816103,0.0624726802552,0.0621145390631,0.0623349336429,0.0619676093433,0.0618390458384,0.0618665951609,0.0618390458384,0.0620686235257,0.0624543140402,0.0624543140402,0.0630971315645,0.0632716106069,0.0634552727567,0.0637583153038,0.0639236112387,0.064024625421,0.0641899213559,0.063593019369,0.0634001741117,0.0637583153038,0.0633267092518,0.063106314672,0.0632624274994,0.064061357851,0.0638501463787,0.0633909910042,0.0630695822421,0.0632899768218,0.0629318356297,0.0629318356297,0.0633818078967,0.0633450754668,0.0633909910042,0.0629502018447,0.0629502018447,0.0633818078967,0.0634093572192,0.0637583153038,0.0639970760986,0.064061357851,0.064079724066,0.0642082875708,0.0642633862158,0.0644194990431,0.0650990489974,0.0653837253296,0.0660081766389,0.0659989935314,0.0656867678768,0.065448007082,0.0652276125022,0.065879613134,0.065448007082,0.0657051340917,0.0655582043719,0.0653929084371,0.0650072179225,0.0646949922678,0.0653745422221,0.0653837253296,0.0657510496292,0.0651541476423,0.0653561760071,0.0650714996749,0.0651082321049,0.0647133584828,0.0648327388802,0.0650255841375,0.0652276125022,0.0651908800723,0.0650439503524,0.0650898658899,0.0652551618247,0.0654755564045,0.0655398381569,0.0658887962415,0.0661734725737,0.0662377543262,0.0659071624565,0.0665132475509,0.0669724029254,0.0672754454725,0.0671101495377,0.0672111637201,0.067339727225,0.0674499245149,0.0675784880197,0.067826431922,0.0684876156612,0.0680651927167,0.0677805163845,0.0682672210815,0.0684967987687,0.068258037974,0.0683774183714,0.068239671759,0.0687539257785,0.0688457568534,0.0686437284886,0.0690661514331,0.0685335311987,0.0676611359871,0.0679090798894,0.068276404189,0.0683039535114,0.068708010241,0.068221305544,0.0685886298436,0.0684233339088,0.0685518974137,0.0690753345406,0.0693049122279,0.0692314473679,0.0693508277653,0.0698467155698,0.0697457013874,0.0697824338173,0.0696997858499,0.0699752790746,0.0698283493548,0.0702691385143,0.0704528006641,0.0711966323708,0.0717476188202,0.0721884079798,0.0737219869306,0.0752739320964,0.0769085252297,0.0781941602783,0.0799756831314,0.0825561363361,0.0852467868307,0.0872211549411,0.0890577764391,0.09055462296,0.0919871877284,0.0934013862819,0.0945860071481,0.0952380077799,0.0955318672196,0.0949165990178,0.09512781049,0.095651247617,0.095651247617,0.0955594165421,0.0952471908874,0.0953298388548,0.0954124868222,0.0959726563791,0.0961930509589,0.096587924581,0.0966246570109,0.0964042624312,0.0971021786004,0.0982500670367,0.0985255602614,0.0980296724569,0.0979011089521,0.097956207597,0.0987918703786,0.0987826872711,0.0987000393037,0.0984980109389,0.0982408839292,0.097992940027,0.0984520954015,0.0991224622482,0.0989663494209,0.0990489973883,0.0990398142808,0.0990857298183,0.0993336737205,0.0999948574598,0.10014178718,0.0996734486977,0.0992234764306,0.0991500115707,0.0996183500527,0.099792829095,0.0990765467108,0.0994163216879,0.0996642655902,0.0990765467108,0.0991316453557,0.0995632514078,0.100325449329,0.100582576339,0.100711139844,0.100518294587,0.101133562789,0.101344774261,0.101583535056,0.10215288772,0.102015141108,0.102584493772,0.101978408678,0.101344774261,0.101519253303,0.102207986365,0.102639592417,0.10259367688,0.102896719427,0.103181395759,0.103383424124,0.103365057909,0.103998692325,0.104779256462,0.104448664593,0.104687425387,0.104549678775,0.105311876697,0.105091482117,0.104503763237,0.10453131256,0.10438438284,0.104586411205,0.104182354475,0.104843538215,0.104944552397,0.105321059804,0.104981284827,0.105229228729,0.105458806416,0.106156722586,0.106230187446,0.106680159713,0.107616836677,0.107681118429,0.107745400181,0.107763766396,0.108112724481,0.10866371093,0.10947182439,0.109095316983,0.109343260885,0.108397400813,0.108489231888,0.108470865673,0.108581062963,0.108819823758,0.109122866305,0.108158640019,0.108278020416,0.10928816224,0.109591204787,0.110656445256,0.110748276331,0.11126253035,0.11133599521,0.111455375607,0.111244164135,0.112777743086,0.112988954558,0.113512391685,0.114127659887,0.114476617972,0.114494984187,0.114283772714,0.114559265939,0.115716337483,0.115560224656,0.115394928721,0.115321463861,0.115404111828,0.115229632786,0.115422478043,0.116221408395,0.117314198186,0.11817741029,0.117543775873,0.118829410922,0.119224284544,0.120124229078,0.119600791951,0.12055583513,0.120583384453,0.120886427,0.120675215528,0.120656849313,0.121235385084,0.121428230342,0.121703723566,0.121777188426,0.122420005951,0.121740455996,0.121933301254,0.121786371534,0.122273076231,0.122622034315,0.123136288335,0.12271386539,0.122925076863,0.12337504913,0.123613809924,0.124816797006,0.125138205768,0.125799389507,0.12571674154,0.126350375956,0.126736066471,0.127865588692,0.128636969721,0.128903279839,0.129426716966,0.129142040633,0.12999606963,0.130501140542,0.131327620216,0.131070493206,0.131511282366,0.131290887786,0.131373535754,0.131832691128,0.1324112269,0.132879565382,0.133035678209,0.133779509916,0.134550890945,0.135505934124,0.136075286788,0.137526217772,0.137719063029,0.138701655531,0.139160810905,0.140345431771,0.14144740467,0.14137393981,0.141245376305,0.142044306657,0.141980024905,0.142071855979,0.1435687025,0.143541153178,0.143853378833,0.144101322735,