# R script for Peak Model
#  -- generated by MACS
p <- c(0.0310966172371,0.0361137274763,0.0411071721011,0.0461242823402,0.0512833862654,0.0508100739787,0.0499581118626,0.050123771163,0.0500764399343,0.050336761692,0.0508100739787,0.0506680802927,0.0507390771357,0.0512597206511,0.0515200424088,0.0516147048661,0.0523246732962,0.0522773420675,0.0526796575112,0.0517330329378,0.0514017143371,0.0515437080231,0.0514963767944,0.0513780487228,0.0515910392518,0.0513780487228,0.0510467301221,0.05076274275,0.0517566985521,0.0524430013679,0.0527743199686,0.0531056385693,0.0532712978696,0.0528216511972,0.0526323262826,0.0524193357535,0.0529636448833,0.0529399792689,0.0527743199686,0.0531293041836,0.0533422947126,0.0527269887399,0.053223966641,0.053720944542,0.0542889192861,0.0549515564875,0.0546439035011,0.0549515564875,0.0542415880574,0.0536026164703,0.0531293041836,0.0536972789277,0.0532476322553,0.0536972789277,0.0524430013679,0.0527506543542,0.0532712978696,0.0530109761119,0.0527269887399,0.053720944542,0.0539102694567,0.0537682757707,0.0538156069993,0.0531529697979,0.054004931914,0.0541232599857,0.0543835817434,0.0544545785864,0.0549278908731,0.0548568940301,0.0550225533305,0.0548805596444,0.0547858971871,0.0555195312315,0.0553538719312,0.0550462189448,0.0540285975284,0.0546675691154,0.0548568940301,0.0543835817434,0.0549042252588,0.0560638403612,0.057034130549,0.0572234554637,0.0574837772214,0.0571997898493,0.0581464144228,0.0570577961633,0.0567974744056,0.056892136863,0.0565371526479,0.0563714933476,0.0556851905319,0.0547149003441,0.0551882126308,0.0550698845591,0.0543599161291,0.0551882126308,0.0560638403612,0.0563478277333,0.0556851905319,0.0549988877161,0.0552355438595,0.0552592094738,0.0545965722724,0.0546675691154,0.0545492410437,0.0544309129721,0.0532003010266,0.0530346417263,0.053294963484,0.0539812662997,0.0538866038423,0.0549042252588,0.0547385659584,0.0552355438595,0.0561111715899,0.0559691779039,0.0570104649347,0.0573417835354,0.057105127392,0.0564661558049,0.0567738087913,0.0562058340472,0.0563714933476,0.056750143177,0.0570104649347,0.0576257709074,0.0567264775626,0.0567264775626,0.057176124235,0.0578150958221,0.0576967677504,0.0576257709074,0.0572944523067,0.0568684712486,0.0563478277333,0.0562768308903,0.0564188245763,0.056750143177,0.057034130549,0.05753110845,0.0574364459927,0.0575547740644,0.0582647424945,0.0592823639109,0.0595663512829,0.0598740042693,0.0610099537574,0.0601816572556,0.0604419790133,0.0598976698836,0.0599213354979,0.0598976698836,0.0598503386549,0.0596373481259,0.0594243575969,0.0592823639109,0.0585250642521,0.0590220421532,0.0586197267095,0.0591640358392,0.0602289884843,0.0609389569144,0.0605839726993,0.0603236509417,0.0607496319997,0.0606786351567,0.0611046162147,0.0606549695424,0.0617672534161,0.0608916256857,0.0597083449689,0.0597083449689,0.0602999853273,0.060063329184,0.060134326027,0.060418313399,0.0603236509417,0.0612466099007,0.060702300771,0.0612229442864,0.0609626225287,0.0602289884843,0.0605129758563,0.0606549695424,0.0603236509417,0.0594953544399,0.0597320105833,0.0593533607539,0.0595190200542,0.0593060295252,0.0601816572556,0.0601579916413,0.0603236509417,0.0600869947983,0.0604656446277,0.0602999853273,0.0605129758563,0.0604656446277,0.0608916256857,0.0607259663854,0.0606786351567,0.0607969632284,0.0603236509417,0.0609862881431,0.0598030074263,0.0605839726993,0.0599450011123,0.0602289884843,0.060063329184,0.0616489253445,0.0616962565731,0.0625718843035,0.0629032029042,0.0633291839623,0.064228477307,0.0643704709931,0.0653644267952,0.0648674488941,0.0644178022217,0.0625482186892,0.0623825593889,0.0625482186892,0.0622642313172,0.0621459032455,0.0620749064025,0.0620275751738,0.0623115625459,0.0625245530749,0.0628085404469,0.0648911145084,0.0659560671535,0.0653407611808,0.0656247485528,0.0656247485528,0.0659324015392,0.0665950387406,0.0665003762833,0.0670683510273,0.0674470008567,0.0657667422389,0.0654590892525,0.0662637201399,0.0667133668123,0.0664530450546,0.0666660355836,0.0660033983822,0.0652460987235,0.0660033983822,0.0660507296109,0.0663820482116,0.0662873857542,0.0660507296109,0.0658614046962,0.0660270639966,0.0658850703105,0.0663820482116,0.0669500229556,0.0661217264539,0.0657194110102,0.0660507296109,0.0657667422389,0.0668080292696,0.0674233352424,0.0678019850717,0.0683462942015,0.0692692531605,0.0696242373756,0.0692455875462,0.0693875812322,0.070428868263,0.070073884048,0.0693165843892,0.0689852657885,0.0691745907032,0.0689142689455,0.0687249440308,0.0685119535018,0.0689852657885,0.0697188998329,0.0696242373756,0.0699792215906,0.07035787142,0.0702632089626,0.0695532405326,0.0696479029899,0.0684172910445,0.0682752973584,0.0691982563175,0.0694349124609,0.0688906033312,0.0693639156179,0.0689852657885,0.0692929187749,0.0701922121196,0.070499865106,0.0713754928364,0.0721801237238,0.0728900921539,0.0737893854987,0.0762506093896,0.0786171708231,0.0821196817448,0.0851962116085,0.0884857320011,0.0917279211651,0.0949464447148,0.097289340534,0.100365870398,0.103631725176,0.104625680978,0.106518930125,0.106968576797,0.107370892241,0.106992242412,0.106968576797,0.108412179272,0.10954812876,0.108956488401,0.107536551541,0.108175523128,0.107299895398,0.1082938512,0.1082938512,0.109311472617,0.110613081405,0.10971378806,0.109997775432,0.111110059306,0.112742986695,0.113003308453,0.113381958282,0.112837649153,0.113050639682,0.113571283197,0.113145302139,0.11293231161,0.112671989852,0.112246008794,0.112080349494,0.112293340023,0.112861314767,0.11222234318,0.112506330552,0.111157390535,0.111015396849,0.111701699664,0.111275718606,0.11167803405,0.111299384221,0.111583371593,0.111275718606,0.112600993009,0.113381958282,0.114943888828,0.115038551286,0.115559194801,0.116979131661,0.117334115876,0.118162412378,0.117925756235,0.117594437634,0.117594437634,0.117310450262,0.117239453419,0.117381447105,0.118304406064,0.118115081149,0.117925756235,0.118186077992,0.117878425006,0.119227365023,0.117949421849,0.118967043265,0.118777718351,0.119274696252,0.118115081149,0.118067749921,0.118020418692,0.117286784648,0.117239453419,0.118754052736,0.11899070888,0.117594437634,0.117547106405,0.117073794119,0.117215787805,0.116624147446,0.116174500774,0.117996753078,0.117665434477,0.115488197958,0.116600481832,0.118067749921,0.118399068521,0.118470065364,0.11915636818,0.11986633661,0.120102992754,0.118375402907,0.119085371337,0.118872380808,0.11953501801,0.119109036951,0.118848715194,0.120008330296,0.119913667839,0.120221320825,0.121546595228,0.1216649233,0.122658879102,0.123818494204,0.123818494204,0.123392513146,0.124291806491,0.122635213488,0.122469554187,0.122232898044,0.121925245057,0.123061194546,0.123747497361,0.124694121935,0.124055150348,0.124859781235,0.124315472105,0.125356759136,0.125806405808,0.127060683368,0.126516374239,0.125735408965,0.125972065109,0.125640746508,0.126185055638,0.12646904301,0.126563705467,0.128125636013,0.12805463917,0.127770651798,0.128906601286,0.129166923044,0.127675989341,0.127865314256,0.128338626542,0.126611036696,0.126421711781,0.126208721252,0.126800361611,0.126871358454,0.126587371082,0.127415667583,0.127533995655,0.128007307942,0.128646279529,0.130847181662,0.132835093266,0.132977086952,0.132929755724,0.133545061696,0.133616058539,0.134349692584,0.135864291901,0.135935288744,0.134870336099,0.135745963829,0.135296317157,0.135580304529,0.136290272959,0.136763585246,0.137260563147,0.13591162313,0.136266607345,0.136290272959,0.136337604188,0.136361269802,0.137473553676,0.137213231918,0.13662159156,0.136266607345,0.136503263488,0.137023907004,0.136124613659,0.137402556833,0.137473553676,0.137757541048,0.137733875434,0.13749721929,0.138372847021,0.139201143522,0.140124102482,0.14055008354,0.141946354785,0.141567704956,0.143602947789,0.143508285332,0.143579282175,0.144549572362,0.14551986255,0.145803849922,0.146324493438,0.147602436612,0.147673433455,0.148927711014,0.149235364001,0.148336070656,0.148572726799,0.15032398226,0.150087326117,0.151057616305,0.151885912806,0.15157825982,0.152075237721,