# R script for Peak Model
#  -- generated by MACS
p <- c(0.0285445996801,0.0333672032791,0.0378918854202,0.0425841483813,0.0469971099757,0.0479653547137,0.0480584551692,0.0473136515246,0.0474439921624,0.0468295291556,0.0466433282445,0.04640126706,0.0464943675155,0.0461592058755,0.0464571273333,0.0460474853288,0.0460102451465,0.0465316076978,0.0464943675155,0.0469784898845,0.0469971099757,0.047052970249,0.0464198871511,0.0468295291556,0.04656884788,0.04656884788,0.0458985245998,0.045768183962,0.0461033456021,0.0455261227775,0.0459357647821,0.045433022322,0.0461405857843,0.0459357647821,0.0459357647821,0.0453771620486,0.0461778259666,0.0460474853288,0.0451351008641,0.0453585419575,0.0450420004085,0.0450233803174,0.0451723410463,0.0456192232331,0.0455819830509,0.0461219656932,0.0459730049643,0.0461033456021,0.0466991885178,0.0468481492467,0.0469971099757,0.0476674332558,0.0479839748048,0.0479653547137,0.0478908743492,0.0475557127091,0.0473322716157,0.047220551069,0.0470715903401,0.0469971099757,0.0471274506135,0.0473322716157,0.0471646907957,0.0468109090645,0.0478163939847,0.0481887958071,0.0480770752604,0.0480584551692,0.0481329355337,0.0483936168093,0.048337756536,0.0478163939847,0.0476674332558,0.0475184725269,0.0477791538025,0.0478722542581,0.0482632761715,0.0485798177205,0.0488777391783,0.0491942807273,0.0495294423674,0.0498459839163,0.0499018441897,0.050106665192,0.0491570405451,0.0493618615473,0.0490639400895,0.0490266999073,0.0492129008184,0.0490080798161,0.0484308569916,0.0484308569916,0.0484308569916,0.0490639400895,0.0491756606362,0.0486356779938,0.0487101583583,0.0487660186316,0.0482446560804,0.0476674332558,0.0479281145314,0.0476488131647,0.0481329355337,0.0476301930736,0.0480770752604,0.0480956953515,0.0480025948959,0.0485239574471,0.0492501410006,0.0498273638252,0.0498087437341,0.0500694250097,0.0496597830052,0.0504045866498,0.0505163071965,0.0507956085632,0.0512611108411,0.0512238706589,0.0510935300211,0.0509631893833,0.0511866304767,0.0516521327545,0.0517638533012,0.0513914514789,0.0511307702033,0.0503673464676,0.0505721674698,0.0502556259209,0.0503114861942,0.0501625254653,0.0505349272876,0.0508700889277,0.0511307702033,0.0510935300211,0.0511493902944,0.0517079930279,0.0517638533012,0.051894193939,0.0522665957614,0.0520617747591,0.0518197135746,0.0512983510234,0.0517638533012,0.0518755738479,0.0523410761258,0.0527320980392,0.0530672596793,0.053178980226,0.0526017574014,0.0535327619572,0.0539051637795,0.0537748231417,0.0529741592238,0.0524714167636,0.0523038359436,0.0522293555791,0.0514473117523,0.0512983510234,0.050758368381,0.0500508049186,0.0496039227318,0.0500694250097,0.050274246012,0.0507211281988,0.050925949201,0.0510376697477,0.0518383336657,0.0515776523901,0.0525831373103,0.0529369190415,0.0532348404994,0.053178980226,0.0530672596793,0.0528251984948,0.052694857857,0.0524341765814,0.0520617747591,0.0525458971281,0.0523596962169,0.0525086569459,0.052527277037,0.0528810587682,0.0530672596793,0.0537748231417,0.0539424039618,0.0539610240529,0.0542403254196,0.0542030852374,0.0545568669686,0.0551899500665,0.0550037491553,0.0550968496109,0.0555623518888,0.0552830505221,0.0550782295198,0.0552085701576,0.054780308062,0.0546872076064,0.0549665089731,0.0542589455107,0.0548734085175,0.054631347333,0.0543148057841,0.0549292687909,0.0547430678797,0.0550968496109,0.0556554523444,0.0556926925266,0.0553575308865,0.0557299327089,0.0560092340756,0.0562885354423,0.0574988413648,0.0572567801803,0.0574243610004,0.057685042276,0.0576664221849,0.0586346669229,0.0585415664673,0.0584298459206,0.0580202039161,0.058001583825,0.0573871208181,0.0577409025493,0.0585601865584,0.0584484660117,0.0581877847361,0.0577967628227,0.0581319244628,0.058169164645,0.0580760641894,0.0583553655561,0.0582436450095,0.058169164645,0.0582808851917,0.0590629290185,0.059621531752,0.0601242742121,0.0603290952144,0.0604780559433,0.0607014970367,0.0608690778567,0.0611297591324,0.0612042394968,0.0608318376745,0.0604780559433,0.060906318039,0.0600870340299,0.0599566933921,0.06042219567,0.0608318376745,0.0615766413191,0.0616138815014,0.0619118029592,0.0618000824125,0.0614276805902,0.0617069819569,0.0621352440526,0.062675226695,0.0631965892462,0.0635689910685,0.0630662486084,0.0635503709774,0.0637924321619,0.0644441353509,0.0646675764443,0.0648910175377,0.0648537773555,0.0650772184489,0.0646303362621,0.0644813755332,0.0652075590867,0.0650399782666,0.0648165371732,0.0650399782666,0.0650772184489,0.0651330787222,0.0653192796334,0.0649096376288,0.064611716171,0.0647420568088,0.0640344933464,0.063811052253,0.0638855326175,0.0635317508863,0.0642393143487,0.0636807116152,0.0645744759887,0.0647048166265,0.0654310001801,0.0652820394511,0.0657289216379,0.0666040659203,0.0669950878338,0.0671626686538,0.0673674896561,0.0677585115695,0.0685591754875,0.0700674028678,0.0713521891548,0.0716314905215,0.0726183553507,0.0729162768085,0.0739776220021,0.0753555087446,0.0769382164895,0.0777016402252,0.0783905835965,0.0785954045988,0.0782416228676,0.0795822694279,0.0800291516147,0.081220837446,0.0821332219107,0.0821704620929,0.0817421999973,0.0834180081977,0.0830642264665,0.0836042091088,0.084926235578,0.0855034584026,0.0856896593138,0.0860993013183,0.086695144234,0.0868627250541,0.0877006291543,0.0867323844162,0.0873282273319,0.0872537469675,0.0874585679698,0.0867696245985,0.0870861661474,0.0868441049629,0.0863972227762,0.0871606465119,0.0876075286987,0.087663388972,0.0881847515233,0.0885385332545,0.0883337122522,0.0900281405437,0.090084000817,0.0902515816371,0.0902143414549,0.0916480884708,0.0914618875596,0.0928397743022,0.0929514948488,0.093789398949,0.0941990409536,0.0931563158511,0.0934169971267,0.0940873204069,0.0939942199513,0.09330527658,0.0925977131176,0.0915922281974,0.0917225688352,0.0910894857373,0.0911081058284,0.091368787104,0.0914432674685,0.0910708656462,0.0907543240972,0.0908474245528,0.0918342893819,0.0927280537555,0.0932494163067,0.0939197395869,0.0948135039604,0.0963217313408,0.0976996180833,0.098295460999,0.0999154089261,0.0997105879238,0.100064369655,0.0999898892905,0.100064369655,0.100380911204,0.0992078454637,0.0992450856459,0.0982582208168,0.0989285440969,0.0990030244614,0.0995988673771,0.0997664481971,0.100008509382,0.100827793391,0.101013994302,0.102000859131,0.102056719404,0.103304265509,0.103304265509,0.103937348607,0.104011828971,0.104291130338,0.104886973254,0.104905593345,0.104831112981,0.105799357719,0.105724877354,0.105259375076,0.10548281617,0.105054554074,0.105259375076,0.106339340361,0.107456545828,0.108238589655,0.108964773208,0.108908912935,0.109672336671,0.110081978675,0.110528860862,0.111478485509,0.11267017134,0.112409490065,0.112409490065,0.11132952478,0.111310904689,0.112297769518,0.112446730247,0.113526695532,0.114569420634,0.115649385919,0.11533284437,0.115910067194,0.116654870839,0.118274818766,0.119485124689,0.11900100232,0.120639570338,0.121049212342,0.120602330155,0.120416129244,0.121626435167,0.122613299996,0.121998836989,0.121458854347,0.121402994073,0.121868496351,0.121477474438,0.121049212342,0.122613299996,0.123097422365,0.122445719176,0.123060182183,0.123600164825,0.124717370292,0.126076636943,0.127063501773,0.127845545599,0.127957266146,0.12736142323,0.127584864324,0.127994506328,0.126970401317,0.128013126419,0.12885103052,0.129335152889,0.131923345554,0.131904725463,0.132444708105,0.133263992114,0.133599153754,0.135051520861,0.137025250519,0.139166560998,0.139464482455,0.139687923549,0.138235556442,0.139390002091,0.14138235184,0.141307871476,0.142034055029,0.142387836761,0.142183015758,0.142387836761,0.143747103412,0.14505050979,0.146260815713,0.146558737171,0.146595977353,0.149184170018,0.151008938947,0.15188408323,0.15339231061,0.153280590063,0.153038528879,0.153839192797,0.153969533435,0.155030878628,0.156036363548,0.156352905097,0.156594966282,0.158308014664,0.159369359858,0.160225884049,0.161026547967,0.161082408241,0.163391299539,0.165271928742,0.166631195393,0.167227038309,0.168437344231,0.168642165234,0.169573169789,0.169740750609,