# R script for Peak Model
#  -- generated by MACS
p <- c(0.0281320638095,0.0331073429517,0.0380536398852,0.0425555429537,0.0471733748565,0.0472410000099,0.0471443926479,0.0471733748565,0.047830304918,0.0479462337523,0.0481491092125,0.0478592871265,0.0476467509302,0.0477530190284,0.047492179151,0.0472699822184,0.0472120178013,0.0470767674945,0.0463618730158,0.046613052157,0.0463328908072,0.0464971233226,0.0463618730158,0.0467483024637,0.0470091423411,0.0472893036908,0.0473279466356,0.0480718233229,0.0480331803781,0.0480621625867,0.0478399656542,0.0479462337523,0.0479752159609,0.047685393875,0.0479558944885,0.047782001237,0.0477530190284,0.0472313392737,0.0471733748565,0.0470477852859,0.0478496263903,0.0476177687216,0.0473859110528,0.0470864282307,0.0465937306846,0.046613052157,0.0471443926479,0.0471250711755,0.0468449098257,0.0467289809913,0.0461686582918,0.0461396760832,0.0465550877398,0.0470188030773,0.0475501435682,0.047588786513,0.0475791257768,0.0478399656542,0.0483809668813,0.048467913507,0.0488929858998,0.0490378969427,0.0490572184151,0.0490862006237,0.0490185754703,0.0491055220961,0.0486997711758,0.0484196098261,0.0483713061451,0.048709431912,0.0486224852862,0.0489412895808,0.0486418067586,0.048516217188,0.0487384141206,0.0484196098261,0.0484002883537,0.0486707889672,0.048806039274,0.048806039274,0.0492697546115,0.0489316288446,0.0494050049183,0.0496561840594,0.0496465233232,0.0497141484766,0.0502068460227,0.0502454889675,0.0506125969431,0.0504290429553,0.0497914343662,0.0498493987834,0.0501488816056,0.0499170239368,0.0498687202558,0.0502454889675,0.0504290429553,0.0506898828327,0.0505353110535,0.0504483644277,0.0506125969431,0.0510763122806,0.0508251331394,0.0506802220965,0.0507864901946,0.0512019018512,0.0507961509308,0.0507671687222,0.0505159895811,0.0509603834462,0.0514434202561,0.0516076527715,0.0515786705629,0.0518588319127,0.0520906895814,0.0518588319127,0.0518201889679,0.0519651000108,0.0521969576796,0.0518105282317,0.0513468128941,0.0505449717897,0.0503131141209,0.0508637760842,0.0504773466363,0.0502165067589,0.0504193822191,0.0501778638141,0.0504000607467,0.0508154724032,0.0512695270046,0.0518974748575,0.0525544049189,0.052167975471,0.0523515294588,0.0528635484773,0.0529408343669,0.0532209957166,0.0530374417289,0.0527669411153,0.0523805116674,0.0517622245507,0.051926457066,0.0522356006244,0.0524191546122,0.0521486539986,0.0520617073728,0.052167975471,0.0522839043054,0.0526606730171,0.0528345662687,0.0537040325265,0.0535687822198,0.0535977644284,0.0533755674958,0.0534721748578,0.0538972472505,0.0540228368211,0.0545445165758,0.0544189270052,0.0541291049193,0.0539745331401,0.0535108178026,0.0539069079867,0.0540518190297,0.0538103006247,0.0540228368211,0.0539069079867,0.053336924551,0.053530139275,0.0537619969437,0.053385228232,0.0536750503179,0.0534431926492,0.0534914963302,0.0539552116677,0.0535108178026,0.0532596386614,0.0533948889682,0.0538682650419,0.0543029981708,0.054650784674,0.0550178926495,0.0547377312998,0.0548826423427,0.0546314632016,0.0548729816065,0.0551048392753,0.0551724644287,0.0547763742446,0.0543706233242,0.0549792497047,0.0544285877414,0.054650784674,0.0547377312998,0.0549212852875,0.0549116245513,0.0547570527722,0.0550178926495,0.055481607987,0.055819733754,0.0549889104409,0.0553946613612,0.055723126392,0.0558487159626,0.055868037435,0.0559839662693,0.0561095558399,0.055916341116,0.0552980539993,0.0554719472508,0.0562641276191,0.0566408963308,0.0563317527725,0.056602253386,0.0569790220978,0.0572398619751,0.0575296840611,0.056988682834,0.0572012190303,0.0573944337543,0.0572978263923,0.0572785049199,0.0577422202574,0.05796441719,0.0577905239384,0.0578291668832,0.0579450957176,0.0587469368221,0.05913336627,0.059229973632,0.0590270981718,0.05913336627,0.0595101349817,0.0592203128958,0.0594618313007,0.0592589558406,0.0590464196442,0.0593652239388,0.0593169202578,0.059085062589,0.0591237055338,0.0588242227117,0.0584764362085,0.0585730435705,0.0590077766994,0.058891847865,0.059326580994,0.0590947233252,0.0593845454112,0.0596260638161,0.0600801184174,0.0605824766998,0.0608239951047,0.0610848349821,0.0604085834482,0.0610075490925,0.0611234779269,0.0608529773133,0.0612104245526,0.0617514257798,0.0620412478657,0.0622634447983,0.0625532668842,0.0629590178045,0.0634034116697,0.0638284840624,0.063857466271,0.0645433785411,0.063857466271,0.0634613760869,0.0635966263936,0.0633068043077,0.0635290012402,0.0634420546145,0.0637898411176,0.0633164650439,0.0639830558416,0.0638767877434,0.0645143963325,0.0649201472528,0.0647655754736,0.0649104865166,0.0642535564551,0.0644177889705,0.0645627000135,0.0651326834492,0.064688289584,0.0651037012406,0.0648718435718,0.0653645411179,0.0655770773143,0.0658958816088,0.0666204368237,0.0665721331427,0.0666397582961,0.0665141687255,0.0674802423454,0.0675768497073,0.068436655229,0.068195136824,0.0686202092168,0.0689390135113,0.069750515352,0.0707165889718,0.0715957159659,0.0729772012422,0.0734892202607,0.0743393650462,0.0748417233285,0.0762908337582,0.077595033145,0.078908893268,0.0790924472558,0.0794595552313,0.0801647889738,0.0802517355996,0.0804739325321,0.0812178092194,0.0815655957225,0.0813723809986,0.0811115411212,0.0812081484832,0.0815849171949,0.0818747392809,0.0815752564587,0.0821452398944,0.082125918422,0.0824447227166,0.0827248840663,0.0833141889744,0.0841643337599,0.0840580656617,0.0847826208766,0.0849275319196,0.085970891429,0.0856424263982,0.0858163196498,0.0859322484842,0.0865312141285,0.086850018423,0.0863669816131,0.0871205190366,0.0878837171962,0.0888014871351,0.0886179331473,0.0891975773192,0.0900670435771,0.0903278834544,0.0905790625956,0.090501776706,0.0913036178105,0.0911007423503,0.0901153472581,0.0897868822273,0.090308561982,0.0905597411232,0.0907722773195,0.0909558313073,0.0907626165833,0.0904438122888,0.0897772214911,0.090260258301,0.0908109202643,0.0912842963381,0.0909751527797,0.0914485288534,0.0914002251724,0.0916610650498,0.0922600306941,0.0933999975655,0.0944336963387,0.0945786073817,0.0948587687314,0.0950423227192,0.0955156987929,0.0958634852961,0.096105003701,0.0959407711857,0.0959214497133,0.0957378957255,0.0955929846825,0.0955253595291,0.0953031625966,0.0955833239463,0.096443129468,0.0963175398974,0.0969937914313,0.0974575067688,0.0977666503271,0.0978052932719,0.0983366337628,0.099515243579,0.100548942352,0.101147907997,0.10121553315,0.102094660144,0.101882123948,0.103031751555,0.104133075482,0.104548487138,0.105147452783,0.105060506157,0.105282703089,0.105524221494,0.105321346034,0.105649811065,0.106751134992,0.106644866893,0.106606223949,0.107920084072,0.108470746035,0.109243604931,0.109436819655,0.110055106771,0.110914912293,0.111571842355,0.111755396342,0.112682827017,0.113813133153,0.114412098797,0.115020725177,0.115020725177,0.115513422723,0.116073745423,0.116894908,0.116634068122,0.116585764441,0.11648915708,0.116402210454,0.116721014748,0.117812677939,0.118459947264,0.119387377939,0.119503306773,0.119397038675,0.12012159389,0.121193935608,0.121599686528,0.122362884688,0.122478813522,0.121590025792,0.122304920271,0.123184047265,0.123193708001,0.124478585916,0.124652479167,0.124739425793,0.125386695118,0.126130571805,0.12652666199,0.127579682235,0.128313898186,0.12822695156,0.12955047242,0.129366918432,0.130816028862,0.131675834383,0.132651568739,0.133134605549,0.134380840519,0.135849272421,0.135858933157,0.137240418434,0.138032598802,0.139346458925,0.139645941747,0.140486425796,0.140708622729,0.14116267733,0.141404195735,0.141056409232,0.142012822116,0.14156842825,0.14164571414,0.142022482852,0.142476537453,0.14289194911,0.143751754631,0.144408684693,0.145828812914,0.146881833159,0.148050782239,0.149760732547,0.151132557087,0.152378792056,0.153789259541,0.154996851566,0.155885639296,0.157015945432,0.157711518438,0.15877419942,0.159421468745,0.159952809236,0.160126702487,0.160377881629,0.160899561383,0.16159513439,0.163469317212,0.164812159544,0.165420785924,0.166425502489,0.168463917827,0.169487955864,0.171294513533,0.17300446384,0.174327984699,0.175719130711,