# R script for Peak Model
#  -- generated by MACS
p <- c(0.0236063279002,0.0276928486729,0.0321725741935,0.0365539985272,0.0407528635136,0.0409354228608,0.0409775519409,0.041651617223,0.0419324777572,0.0420448219709,0.0420307789442,0.0419605638107,0.0413005415553,0.0406966914067,0.0407107344334,0.0403737017924,0.0405843471931,0.0406545623266,0.0403175296856,0.0399664540178,0.0400647552048,0.0400226261246,0.0399383679644,0.0402754006054,0.0399524109911,0.0405281750862,0.0409073368074,0.0407388204869,0.0407388204869,0.0411320252348,0.0413847997155,0.0414550148491,0.0419043917038,0.041946520784,0.0422554673716,0.042480155799,0.0425363279058,0.0422273813182,0.0426205860661,0.042283553425,0.0419605638107,0.042185252238,0.0418201335436,0.0420588649976,0.0419184347305,0.0418060905169,0.0414690578758,0.041651617223,0.0413988427423,0.04174991841,0.0416937463032,0.0420026928908,0.0421712092113,0.0416235311696,0.0417077893299,0.0414690578758,0.0417639614367,0.0420026928908,0.0423256825051,0.0423537685586,0.0421571661846,0.0417920474901,0.0417920474901,0.0419184347305,0.0421009940778,0.0425644139592,0.0419746068374,0.0420026928908,0.0418763056504,0.0420588649976,0.0424520697455,0.0421571661846,0.0418622626237,0.0420729080244,0.0423678115853,0.0420869510511,0.0428452744934,0.0423537685586,0.0426486721195,0.0424661127722,0.0423116394784,0.0429857047605,0.0435755118824,0.0434772106954,0.0432806083214,0.0435474258289,0.0433648664817,0.043982759657,0.0435755118824,0.0439125445234,0.0442074480843,0.0440670178172,0.0447129970459,0.0450359866602,0.0447972552062,0.0446146958589,0.0447691691528,0.0446989540192,0.0450781157404,0.044853427313,0.0451764169274,0.0449938575801,0.0444461795384,0.0445585237521,0.0446146958589,0.0445866098055,0.0440108457104,0.0439406305768,0.0436738130693,0.0434069955618,0.0433367804283,0.0429576187071,0.0431261350276,0.0429716617338,0.0432946513482,0.0433367804283,0.0437721142563,0.0439968026837,0.0441934050576,0.0441934050576,0.0440529747905,0.0445023516453,0.0440810608439,0.0438142433364,0.0438142433364,0.0434772106954,0.0433929525351,0.0433227374016,0.0434069955618,0.0438563724166,0.0437721142563,0.0440810608439,0.0440951038707,0.0447129970459,0.0447691691528,0.0451764169274,0.0451904599541,0.044755126126,0.0446568249391,0.0447129970459,0.0451623739006,0.0451342878472,0.0454291914081,0.0451062017938,0.0449376854733,0.0450359866602,0.044755126126,0.0453449332479,0.0449657715267,0.0447832121795,0.0442355341378,0.0442917062446,0.0446287388856,0.0445866098055,0.0450781157404,0.0450219436335,0.0452747181143,0.0451764169274,0.0456679228622,0.0451202448205,0.0459628264231,0.0461453857704,0.0459768694498,0.0464964614381,0.0465105044648,0.0469598813196,0.046889666186,0.0469037092127,0.0466228486785,0.0473530860675,0.0472547848805,0.0469739243463,0.0469598813196,0.0469739243463,0.0466368917052,0.0463139020909,0.0467351928922,0.0466649777587,0.0468756231593,0.0473109569873,0.0467351928922,0.0476620326551,0.047619903575,0.0476760756818,0.0477182047619,0.0481816246434,0.0484484421509,0.0490101632193,0.0495859273144,0.0492208086199,0.0498808308753,0.0489680341392,0.0491365504597,0.0485467433378,0.0484624851776,0.0476620326551,0.0479709792427,0.0471705267202,0.0464122032779,0.0462717730108,0.0458083531293,0.0463279451176,0.0466930638121,0.0470020103997,0.0474794733079,0.0478445920023,0.0474513872544,0.0482799258304,0.0488276038721,0.0491786795398,0.0493050667802,0.0493050667802,0.0490803783528,0.0494876261274,0.0495157121809,0.0497825296884,0.0499370029822,0.0495157121809,0.0499089169288,0.0501055193027,0.050189777463,0.050189777463,0.0505127670773,0.0508497997184,0.0509340578786,0.0510042730122,0.0511447032793,0.0514817359203,0.0512710905197,0.0513132195998,0.0518889836949,0.0521417581757,0.0521979302826,0.0523243175229,0.0524507047633,0.0524226187099,0.0526192210839,0.0531107270187,0.0529281676715,0.0528579525379,0.0529702967516,0.0534898887399,0.0532792433393,0.0534618026865,0.0536584050604,0.054065652835,0.0538128783542,0.0540796958617,0.0546133308767,0.0547678041706,0.0549082344377,0.0546414169302,0.0552593101054,0.0550065356246,0.0547818471973,0.054795890224,0.0550627077315,0.0544588575829,0.054697589037,0.0550346216781,0.0547678041706,0.0546554599569,0.0545009866631,0.0541499109953,0.0545712017966,0.053728620194,0.0541499109953,0.0547678041706,0.0544869436363,0.05459928785,0.0550065356246,0.0552733531321,0.0558350742005,0.0565793546162,0.0564108382957,0.057365764112,0.0569725593641,0.0571129896312,0.0577308828064,0.0580117433407,0.0580679154475,0.0583628190084,0.0579274851804,0.058236431768,0.058671765596,0.0589245400768,0.0597671216795,0.0605394881485,0.0602024555075,0.0604271439348,0.0604973590684,0.0607501335492,0.0610309940834,0.0607360905225,0.0608624777629,0.0609607789498,0.061241639484,0.0606377893355,0.0613539836977,0.0616488872586,0.062407210701,0.0634183086242,0.0645698368144,0.0653281602568,0.0664375593669,0.0683895400796,0.0693163798425,0.0706785534334,0.0713245326621,0.0722232863716,0.0732343842947,0.0733326854817,0.0735854599625,0.0744982566987,0.0752144510609,0.0743437834048,0.0746667730192,0.0747650742062,0.0752846661944,0.0755374406752,0.0754672255417,0.0758463872629,0.0764923664915,0.0768715282127,0.0770119584798,0.0778545400824,0.0776438946818,0.0770962166401,0.0773068620407,0.0779387982427,0.0782617878571,0.0778545400824,0.0780090133763,0.0783179599639,0.0783741320707,0.0791324555131,0.0799469510623,0.0805648442376,0.0816040282141,0.081463597947,0.0819270178285,0.0825870400839,0.0829240727249,0.0831908902324,0.0836823961673,0.0839913427549,0.0843424184227,0.0857607641204,0.0855501187197,0.0854237314794,0.0859011943875,0.0862522700553,0.0864207863758,0.0863505712422,0.0860837537347,0.086168011895,0.0860837537347,0.0854658605595,0.0865190875628,0.0870386795511,0.0865612166429,0.0876144436462,0.088105949581,0.0894681231719,0.0902685756944,0.0908022107094,0.0911813724306,0.0914622329648,0.0904230489883,0.091406060858,0.0927120623421,0.092375029701,0.092810363529,0.0928665356359,0.0932316543303,0.0931052670899,0.093540600918,0.0941725371199,0.0945938279212,0.0946640430548,0.0945376558144,0.0955487537376,0.0957313130848,0.0954644955773,0.0961947329662,0.0966160237675,0.097177744836,0.0979079822249,0.0986101335604,0.0995088872699,0.100337425846,0.100688501514,0.10155916917,0.102205148398,0.102921342761,0.103454977776,0.104086913977,0.10382009647,0.104775022286,0.10476097926,0.104437989645,0.105224399141,0.105280571248,0.105378872435,0.105182270061,0.105842292316,0.106993820507,0.108299821991,0.109310919914,0.109676038608,0.111122470359,0.112470600924,0.113720430301,0.114857915464,0.115321335346,0.116051572735,0.116220089055,0.117217143952,0.117343531192,0.118551231489,0.118958479264,0.118705704783,0.118818048997,0.120025749294,0.12110706235,0.121710912499,0.121893471846,0.12294669885,0.124238657307,0.125277841283,0.126724273035,0.127847715171,0.128662210721,0.129195845736,0.129266060869,0.130178857605,0.130937181048,0.131007396181,0.131541031196,0.132130838318,0.132299354639,0.132102752265,0.133113850188,0.134588367992,0.13609097185,0.136526305678,0.137705919922,0.13809912467,0.138955749299,0.140177492623,0.141455408054,0.143224829419,0.144179755236,0.144193798262,0.144839777491,0.146890059391,0.148111802715,0.149740793813,0.15082210687,0.150934451083,0.1518893769,0.153448152865,0.154009873933,0.155189488177,0.156565704794,0.156088241886,0.157015081649,0.158096394706,0.158784503014,0.161101602422,0.162140786398,0.162435689959,0.164668531206,0.165272381355,0.167322663254,0.170650860585,0.171984948122,0.173768412514,0.175299102426,0.176436587589,0.178149836848,0.179919258214,0.181913368007,0.183710875425,0.184623672162,0.185620727058,0.186940771569,0.188625934774,0.19043748522,0.191968175131,0.194158887298,0.19573170629,0.196546201839,0.198877344273,0.201082099466,0.202739176618,0.204368167716,0.206727396204,0.207892967421,0.209985378401,0.210912218163,0.212864198876,0.21527959947,0.217063063863,0.218790356148,0.220349132113,