# R script for Peak Model
#  -- generated by MACS
p <- c(0.0312737945893,0.0365495036522,0.042053488588,0.047506745552,0.0520468990245,0.052148354968,0.0519708070668,0.0522244469256,0.0523259028691,0.0533150983184,0.0535433741913,0.0543042937677,0.0537716500642,0.0533658262902,0.0538731060078,0.0534672822337,0.0531629144031,0.0536955581066,0.0531375504173,0.0530614584596,0.0527570906291,0.0513620714057,0.0512098874904,0.052148354968,0.0524273588126,0.0527063626573,0.0529092745443,0.0530107304879,0.0532136423749,0.0529600025161,0.0533911902761,0.054253565796,0.0553188532029,0.0547862094994,0.0550144853723,0.0555724930617,0.0559529528499,0.0556993129911,0.0563587766239,0.0565363245251,0.0562065927087,0.0562573206804,0.0564095045957,0.0562319566945,0.0562065927087,0.0559022248781,0.0553442171888,0.055496401104,0.0546086615983,0.0555471290758,0.0559529528499,0.0561558647369,0.0562573206804,0.0558768608922,0.0559783168358,0.0560797727793,0.0564348685816,0.0561051367651,0.0565363245251,0.0554203091464,0.0547101175418,0.0541521098524,0.0533911902761,0.0541013818807,0.0542789297818,0.0538477420219,0.0537462860784,0.0536448301349,0.0535687381772,0.0541267458666,0.0550652133441,0.0554456731323,0.0555978570476,0.0550398493582,0.0546847535559,0.0541267458666,0.0548115734853,0.0547354815277,0.0547608455135,0.0542282018101,0.0540760178948,0.0540760178948,0.0531629144031,0.0532136423749,0.0530868224455,0.053619466149,0.0537716500642,0.05465938957,0.0553695811746,0.0553695811746,0.0550144853723,0.0546340255841,0.0554456731323,0.057195788158,0.0570436042427,0.0572211521438,0.0564855965533,0.055724676977,0.0554456731323,0.055496401104,0.0553188532029,0.0560036808216,0.0560544087934,0.0551159413159,0.0558768608922,0.0561051367651,0.0570943322144,0.0572718801156,0.055927588864,0.0558007689346,0.055496401104,0.055724676977,0.0557500409628,0.0555471290758,0.0553949451605,0.0553442171888,0.0539999259372,0.0544818416689,0.0552173972594,0.0555724930617,0.0566124164827,0.0557500409628,0.0566631444545,0.0567138724263,0.056764600398,0.0572211521438,0.0580074357061,0.0571704241721,0.0572972441015,0.0572718801156,0.0568914203274,0.0578806157767,0.057195788158,0.0565363245251,0.0564095045957,0.0560290448075,0.0558261329205,0.0565363245251,0.0564095045957,0.0568406923556,0.0565363245251,0.0555217650899,0.0553949451605,0.055724676977,0.0555978570476,0.0556485850193,0.0553695811746,0.0546086615983,0.0548369374712,0.0538984699936,0.054253565796,0.054456477683,0.0548623014571,0.0555217650899,0.0555217650899,0.0554456731323,0.0558007689346,0.0563080486522,0.0570436042427,0.0576523399038,0.0575508839603,0.058032799692,0.0572972441015,0.0564095045957,0.0561558647369,0.056764600398,0.0561812287228,0.0559783168358,0.0552681252311,0.05509057733,0.0552427612452,0.0552173972594,0.0557754049487,0.0553188532029,0.0556739490052,0.0545579336265,0.0549130294288,0.055293489217,0.0551413053017,0.0553442171888,0.0553949451605,0.0555978570476,0.0555217650899,0.0570182402568,0.0572211521438,0.058235711579,0.0579567077343,0.0579820717202,0.0578552517908,0.0578298878049,0.0581596196214,0.0578806157767,0.0583625315084,0.0571704241721,0.0576777038897,0.0580074357061,0.058235711579,0.058438623466,0.0587683552825,0.0591741790566,0.0589205391978,0.0590473591272,0.0588444472401,0.0597829147177,0.0596053668165,0.0582103475931,0.0583118035367,0.0581596196214,0.0588190832542,0.0589459031836,0.058869811226,0.0588444472401,0.0582610755649,0.0581088916496,0.0582864395508,0.058666899339,0.0591234510848,0.0591488150707,0.0590980870989,0.0584639874519,0.0584893514378,0.058032799692,0.0586415353531,0.0584132594802,0.0572718801156,0.0578045238191,0.0582103475931,0.0578552517908,0.057195788158,0.0582103475931,0.0579567077343,0.0578806157767,0.0575508839603,0.0579313437485,0.058235711579,0.0583118035367,0.058666899339,0.0587429912966,0.0589712671695,0.0577284318614,0.0585400794096,0.0596814587741,0.0596814587741,0.0596560947883,0.0606199262517,0.0612032979269,0.0600111905906,0.0602648304494,0.060340922407,0.0609496580681,0.0610511140116,0.0606706542234,0.0613301178563,0.062243221348,0.0612286619128,0.0606960182093,0.0616344856868,0.0614569377857,0.0615330297433,0.0615837577151,0.0613808458281,0.0610003860399,0.0607213821952,0.0598843706612,0.0604677423364,0.0602901944352,0.0602141024776,0.0604170143646,0.0606452902376,0.0604423783505,0.0598590066753,0.059503910873,0.0598336426894,0.0605691982799,0.0606706542234,0.060543834294,0.0608228381387,0.0602648304494,0.0602901944352,0.0613554818422,0.0621924933762,0.0633085087549,0.0627251370797,0.0617613056162,0.0621924933762,0.062243221348,0.0627758650514,0.0635367846278,0.0630548688961,0.062243221348,0.0627251370797,0.0621671293903,0.0628519570091,0.0637650605007,0.0632070528114,0.0634606926702,0.0635367846278,0.0638157884725,0.0649318038512,0.0665804629333,0.0679247541849,0.0744940265277,0.080530655167,0.0863390079333,0.0924517285303,0.099452188633,0.108481767606,0.11725770672,0.125095178357,0.132247822375,0.139349738421,0.140567209743,0.142469508684,0.143686980007,0.145741462863,0.147263302016,0.145487823004,0.146121922651,0.146654566354,0.146426290482,0.146756022298,0.147339393973,0.14797349362,0.148125677535,0.148734413197,0.149013417041,0.149748972632,0.149546060745,0.149343148858,0.148201769493,0.147795945719,0.14883586914,0.148151041521,0.149850428575,0.150230888363,0.150408436265,0.150357708293,0.149495332773,0.149089508999,0.149799700604,0.149748972632,0.148480773338,0.150306980321,0.149901156547,0.150585984166,0.15056062018,0.150332344307,0.150611348152,0.150205524378,0.150636712138,0.150788896053,0.150256252349,0.149419240815,0.149723608646,0.148353953408,0.148607593267,0.148734413197,0.147516941874,0.147795945719,0.14883586914,0.148049585578,0.149723608646,0.150180160392,0.149596788716,0.150966443954,0.151169355841,0.152260007234,0.153680390443,0.15517686561,0.155303685539,0.156521156862,0.156394336932,0.155227593582,0.155557325398,0.155151501624,0.155633417356,0.153350658627,0.153934030302,0.151981003389,0.151448359686,0.151651271573,0.151600543601,0.151828819474,0.151778091502,0.150966443954,0.148455409352,0.149216328928,0.148683685225,0.14853150131,0.146603838383,0.145792190835,0.145969738736,0.146603838383,0.147161846072,0.146603838383,0.149748972632,0.150205524378,0.149343148858,0.150357708293,0.152260007234,0.151803455488,0.151549815629,0.151169355841,0.150306980321,0.151676635559,0.152057095347,0.1514229957,0.152133187304,0.152006367375,0.153122382754,0.15302092681,0.154339854076,0.154162306175,0.15517686561,0.155633417356,0.153705754429,0.154415946034,0.15474567785,0.154973953723,0.15388330233,0.155405141483,0.154187670161,0.154872497779,0.154847133794,0.154492037991,0.154441310019,0.154289126104,0.153655026457,0.153604298485,0.154263762118,0.153655026457,0.153959394288,0.152260007234,0.151143991855,0.150941079968,0.151549815629,0.152615103036,0.153807210372,0.153477478556,0.153223838697,0.153680390443,0.153908666316,0.155988513158,0.157586444268,0.157890812099,0.158474183774,0.157890812099,0.158119087972,0.159108283421,0.159184375379,0.157738628184,0.158220543915,0.157484988325,0.156292880989,0.156521156862,0.155050045681,0.154390582048,0.153401386598,0.154162306175,0.154847133794,0.156368972946,0.156318244975,0.159260467337,0.15893073552,0.159082919435,0.160604758588,0.161264222221,0.162507057529,0.162126597741,0.160503302645,0.159843839012,0.16065548656,0.159260467337,0.159717019082,0.160300390758,0.160021386913,0.158905371534,0.159438015238,0.159082919435,0.159742383068,0.160731578518,0.159412651252,0.157814720141,0.157865448113,0.157687900212,0.157155256509,0.158042996014,0.15763717224,0.15733280441,0.157840084127,0.157713264198,0.157687900212,0.157992268043,0.159184375379,0.159108283421,0.158220543915,0.160477938659,0.160731578518,0.16151786208,0.161695409981,0.162430965571,0.163141157176,0.164003532696,0.165297095976,0.165119548075,0.167884222535,0.166692115199,0.165347823948,0.165221004018,0.166210199467,0.165804375693,0.166184835482,0.167351578832,