>GTGGGTCTAAGT	6-ACTTAGACCCAC	12.223430	-81.003429	0	T:13.0(2.60%),B:1.6(0.00%),P:1e-35
0.001	0.153	0.795	0.051
0.153	0.051	0.001	0.795
0.152	0.001	0.846	0.001
0.153	0.001	0.515	0.331
0.051	0.051	0.793	0.105
0.102	0.001	0.051	0.846
0.001	0.846	0.102	0.051
0.051	0.001	0.153	0.795
0.589	0.255	0.155	0.001
0.719	0.001	0.051	0.229
0.001	0.102	0.790	0.107
0.051	0.224	0.051	0.674
