>ACTTAGACCCAC	6-ACTTAGACCCAC,BestGuess:ZNF692(Zf)/HEK293-ZNF692.GFP-ChIP-Seq(GSE58341)/Homer(0.556)	12.223430	-81.003429	0	T:13.0(2.60%),B:1.6(0.00%),P:1e-35
0.674	0.051	0.224	0.051
0.107	0.790	0.102	0.001
0.229	0.051	0.001	0.719
0.001	0.155	0.255	0.589
0.795	0.153	0.001	0.051
0.051	0.102	0.846	0.001
0.846	0.051	0.001	0.102
0.105	0.793	0.051	0.051
0.331	0.515	0.001	0.153
0.001	0.846	0.001	0.152
0.795	0.001	0.051	0.153
0.051	0.795	0.153	0.001
