# R script for Peak Model
#  -- generated by MACS
p <- c(0.0230101207318,0.0270208695386,0.0310316183454,0.0353938245219,0.0396113129579,0.0397767046613,0.0403349016602,0.0408310767703,0.0410171424366,0.0416373613242,0.0422782541748,0.0420921885085,0.0425676896557,0.041968144731,0.0418647749164,0.0418647749164,0.0420301666197,0.0418234269905,0.0416166873613,0.0412652299916,0.0409964684737,0.0411825341399,0.0407277069557,0.0409344465849,0.0407897288444,0.0404382714748,0.0401901839197,0.0402108578826,0.0400041182534,0.0396733348467,0.0394459212545,0.0393012035141,0.0395492910691,0.0394872691804,0.039321877477,0.0394872691804,0.0391771597365,0.0398800744759,0.03983872655,0.0400041182534,0.0408517507332,0.040893098659,0.0405829892152,0.0407277069557,0.0411825341399,0.0417820790647,0.0426090375815,0.0416580352871,0.0421955583231,0.0423609500265,0.0413892737692,0.0415339915096,0.0418441009534,0.0417407311388,0.0414099477321,0.0406036631781,0.0402108578826,0.0404796194006,0.0400661401422,0.0397767046613,0.039859400513,0.0398800744759,0.0400041182534,0.0402935537343,0.040376249586,0.0416166873613,0.0415546654725,0.0423196021006,0.0418234269905,0.0423609500265,0.0425263417299,0.042236906249,0.0418441009534,0.0416580352871,0.0418027530276,0.0416787092501,0.0412238820658,0.0399214224017,0.0406036631781,0.040376249586,0.0405416412894,0.0405416412894,0.0403555756231,0.0407690548815,0.0406656850669,0.0400868141051,0.0403555756231,0.041161860177,0.0404589454377,0.0404382714748,0.0402935537343,0.0406036631781,0.0404796194006,0.040376249586,0.0408104028074,0.0410378163995,0.0414719696209,0.0410791643253,0.0413685998062,0.0408724246961,0.0409964684737,0.0410171424366,0.0412859039546,0.0410584903624,0.0400454661793,0.0395492910691,0.0392391816253,0.0393838993658,0.0400041182534,0.0403969235489,0.0409964684737,0.0414719696209,0.0419061228422,0.0416580352871,0.0419474707681,0.0423816239894,0.0426503855074,0.042484993804,0.0417614051018,0.0420094926568,0.0414719696209,0.0416373613242,0.0413479258433,0.0415960133984,0.0416787092501,0.0411205122512,0.0414099477321,0.0413479258433,0.0417407311388,0.0417200571759,0.0416787092501,0.0407277069557,0.0408724246961,0.0405002933635,0.0406863590298,0.0415546654725,0.0408724246961,0.0410998382883,0.041430621695,0.0412032081029,0.0410998382883,0.0410998382883,0.041430621695,0.0420715145456,0.0419888186939,0.0412238820658,0.0417820790647,0.0421542103973,0.0421335364343,0.0420301666197,0.042236906249,0.0427330813591,0.0430018428771,0.0434566700613,0.043539365913,0.0442216066894,0.0439735191344,0.0434773440243,0.0439735191344,0.0442836285782,0.0445317161333,0.0439528451715,0.0438701493198,0.0434980179872,0.0433946481726,0.0430845387287,0.0434153221355,0.0435600398759,0.0427330813591,0.0423196021006,0.0424229719152,0.0432085825063,0.0432085825063,0.0429811689141,0.0430638647658,0.0429191470254,0.042753755322,0.043291278358,0.0433533002467,0.0436634096905,0.0437667795052,0.0437047576164,0.043291278358,0.0434566700613,0.0442422806524,0.0446144119849,0.0443869983928,0.0440562149861,0.0445523900962,0.0449451953917,0.0452553048355,0.0458548497602,0.0466818082771,0.04670248224,0.0467851780917,0.0467438301659,0.0471366354614,0.0474880928311,0.0480462898299,0.0483563992738,0.0475294407569,0.0473020271648,0.0469092218692,0.0467645041288,0.0466197863883,0.0463510248704,0.0462269810928,0.0464957426108,0.0455860882423,0.0454413705018,0.0460615893895,0.046185633167,0.0466611343142,0.0471366354614,0.0475294407569,0.0482737034221,0.0485011170142,0.0483977471996,0.0489766181614,0.0491213359019,0.0489972921243,0.0490593140131,0.0482737034221,0.0484184211625,0.0484597690884,0.0480462898299,0.0480876377558,0.0477982022749,0.0475501147198,0.0477155064232,0.047240005276,0.0469092218692,0.0476534845344,0.0476328105715,0.0476948324603,0.0482323554962,0.0477361803861,0.048025615867,0.0484184211625,0.0482530294592,0.0483150513479,0.0481083117187,0.048025615867,0.0479222460524,0.0479015720895,0.0474674188681,0.0480669637929,0.0479222460524,0.047508766794,0.0479842679412,0.0483977471996,0.0491006619389,0.0485217909771,0.0489766181614,0.048831900421,0.0492660536423,0.049865598567,0.0511267103053,0.0514161457862,0.0513127759716,0.0522844522289,0.0521604084514,0.052780627339,0.0524291699693,0.0522844522289,0.0525738877098,0.0523671480806,0.0518089510817,0.0522017563772,0.0522224303401,0.0521397344884,0.0519329948592,0.0519536688221,0.0519743427851,0.0529046711165,0.0522224303401,0.0521810824143,0.0524291699693,0.0520983865626,0.0524084960064,0.0521810824143,0.0530287148941,0.0526979314873,0.0537936515222,0.05356623793,0.0545379141873,0.0548480236312,0.0548480236312,0.055943743666,0.0558196998885,0.0555302644076,0.0552615028896,0.0557370040368,0.0554062206301,0.0553855466671,0.0550961111862,0.0552821768525,0.0558610478143,0.0557163300739,0.0563158749986,0.0580111399582,0.0599544924728,0.0627041295414,0.0649575914999,0.0673144232729,0.069402493528,0.0738473955562,0.0777754485113,0.0827165256496,0.0858589680137,0.0890014103778,0.0911515025216,0.0933429425913,0.0952242732172,0.0979945842487,0.100640851503,0.10026872017,0.100496133762,0.100868265095,0.101281744353,0.102356790425,0.102935661387,0.103349140645,0.104010707459,0.10345251046,0.104114077273,0.104837665976,0.104589578421,0.103659250089,0.104155425199,0.104031381422,0.10430014294,0.104114077273,0.104651600309,0.105892038085,0.106119451677,0.105602602604,0.106615626787,0.107256519638,0.107752694748,0.10812482608,0.109241220078,0.109344589893,0.109075828375,0.108186847969,0.108000782303,0.109055154412,0.108910436671,0.109117176301,0.109530655559,0.10982009104,0.109696047262,0.110233570298,0.110006156706,0.110130200484,0.109902786892,0.11066772352,0.111184572593,0.110874463149,0.111391312222,0.110998506926,0.110915811075,0.110895137112,0.111225920519,0.110853789186,0.111453334111,0.111122550704,0.110771093334,0.112590402071,0.111846139406,0.112342314516,0.112879837552,0.11314859907,0.113872187773,0.115505430843,0.11633238936,0.116993956174,0.117800240728,0.116497781064,0.1170353041,0.117200695803,0.116435759175,0.116807890507,0.117097325988,0.116993956174,0.116497781064,0.116022279916,0.116001605953,0.116001605953,0.116725194656,0.116931934285,0.117221369766,0.117407435432,0.11718002184,0.11753147921,0.118337763764,0.119578201539,0.119268092095,0.120301790241,0.12121144461,0.12185233746,0.123423558642,0.124023103567,0.124912083973,0.125284215305,0.12573904249,0.124498604714,0.125160171528,0.12538758512,0.126069825896,0.126421283266,0.125677020601,0.126441957229,0.126752066673,0.127930482559,0.127413633486,0.129129572409,0.130121922629,0.129935856963,0.130183944518,0.130349336221,0.131569100033,0.132706167994,0.133491778585,0.133636496326,0.134690868435,0.133925931807,0.134111997473,0.135104347693,0.134566824657,0.134773564286,0.135827936395,0.134856260138,0.135765914507,0.135827936395,0.136716916801,0.13628276358,0.137151070022,0.138019376465,0.138288137983,0.138908356871,0.139301162166,0.141347884495,0.140810361459,0.142030125272,0.142257538864,0.144676392526,0.144697066489,0.144469652897,0.144573022711,0.145958178227,0.146578397115,0.145689416709,0.147405355631,0.146537049189,0.148418379815,0.149534773812,0.150692515736,0.151974301437,0.152925303732,0.153297435064,0.153235413175,0.153938327915,0.153462826767,0.154145067544,0.153132043361,0.153070021472,0.154620568691,0.155013373987,0.155964376281,0.156295159688,0.157287509908,0.157349531797,0.158982774868,0.161442976455,0.163903178043,0.165102267892,0.166032596224,0.167148990222,0.167500447591,0.170725585807,0.171986697545,0.174653638762,0.175976772389,0.177630689423,0.178147538496,0.179987521196,0.181992895599,0.183254007338,0.186727233108,0.185424773444,0.187512843699,0.188422498068,0.189786979621,0.190117763028,0.190800003804,0.192061115542,0.192288529134,0.195224231869,0.197229606273,0.200785527895,0.20188124793,0.203638534778,0.205581887293,0.207111760549,0.210667682172,0.213169231685,0.21525730194,0.21744874201,0.218172330712,0.219702203968,0.222369145185,