# R script for Peak Model
#  -- generated by MACS
p <- c(0.0268941638225,0.0315352901164,0.0358662695458,0.0396877219835,0.0438636279806,0.0438636279806,0.0438747046543,0.0433430243152,0.0428445739972,0.0428999573659,0.042977494082,0.0425455038064,0.0425787338276,0.0430993374931,0.0430993374931,0.042855650671,0.0424458137429,0.0424568904166,0.0422353569419,0.042024900141,0.0419695167724,0.0421356668783,0.0422353569419,0.0423018169843,0.0419252100774,0.0421688968995,0.0424679670903,0.0430661074719,0.0431657975355,0.0435534811161,0.0435756344636,0.0433541009889,0.0427005772387,0.0424236603954,0.0429110340396,0.0431104141668,0.0430993374931,0.0425676571539,0.0427891906286,0.0432765642728,0.0430328774507,0.0431657975355,0.0441405448239,0.0446611484893,0.0448051452479,0.0449934487013,0.0453146722396,0.0450377553963,0.0448162219216,0.0439633180442,0.0439965480654,0.044262388235,0.0434648677262,0.0429331873871,0.0427559606074,0.0424568904166,0.0421467435521,0.0425565804802,0.0432322575779,0.0439190113493,0.0438747046543,0.0438857813281,0.0442402348875,0.0446722251631,0.0448937586377,0.0447276085317,0.0443066949299,0.0442956182562,0.0438747046543,0.0439190113493,0.0443953083198,0.0441848515189,0.0441516214977,0.0443066949299,0.0439854713917,0.0441959281926,0.0446500718156,0.044594688447,0.0443953083198,0.0438636279806,0.0440187014129,0.0440519314341,0.0441848515189,0.0438082446119,0.0444839217096,0.0445836117732,0.0446500718156,0.0450931387649,0.0454032856294,0.045502975693,0.0448605286165,0.04504883207,0.0449048353115,0.0449491420064,0.0443510016248,0.0443953083198,0.0441737748451,0.0440519314341,0.04421808154,0.0443510016248,0.04504883207,0.0451263687861,0.0454254389769,0.0457688158626,0.0459349659686,0.0462561895068,0.0461343460958,0.0460457327059,0.0458574292525,0.046001426011,0.045502975693,0.0457688158626,0.0454365156506,0.0450377553963,0.0453700556082,0.0449269886589,0.0451817521548,0.0448937586377,0.0449491420064,0.0446722251631,0.0446279184681,0.0441516214977,0.0443066949299,0.0447719152267,0.0442956182562,0.0444839217096,0.0446279184681,0.0448937586377,0.0448716052903,0.0447940685741,0.0451152921124,0.0451152921124,0.0451928288285,0.0448272985953,0.0451485221336,0.0449712953539,0.0451595988073,0.045502975693,0.0456802024727,0.0460346560322,0.0458020458838,0.0457023558202,0.0456580491253,0.0460678860534,0.0461897294644,0.0465331063501,0.0460900394008,0.0457577391889,0.0460678860534,0.0460235793584,0.0461121927483,0.046167576117,0.046455569634,0.0462672661806,0.0462672661806,0.0465109530027,0.0466106430663,0.046787869846,0.0465441830239,0.0466992564561,0.046455569634,0.0471423234054,0.046954019952,0.0471423234054,0.0472087834478,0.0465884897188,0.0466327964137,0.0464223396128,0.0472973968377,0.0471977067741,0.0471534000792,0.0466771031087,0.0469983266469,0.0469650966257,0.0470537100156,0.0474303169225,0.0478069238294,0.0483386041685,0.0473638568801,0.0475964670285,0.047862307198,0.0480616873252,0.0481613773888,0.0479509205879,0.0477958471556,0.0475632370073,0.0476850804183,0.047075863363,0.0475300069861,0.0475853903547,0.0482942974736,0.0482832207999,0.0482278374312,0.0484382942321,0.0485047542745,0.0487373644229,0.048693057728,0.0494573482155,0.0495459616054,0.0495902683003,0.0489478212238,0.0489035145289,0.0495238082579,0.04976749508,0.0500444119233,0.0499004151648,0.0500776419445,0.0500222585759,0.0495570382791,0.049601344974,0.0503213287666,0.0506425523049,0.0496788816902,0.0498339551224,0.0500887186183,0.0504874788726,0.0506314756312,0.050553938915,0.0512960760551,0.0517834496993,0.0514622261611,0.0516394529408,0.0523705134072,0.0529797304624,0.0529797304624,0.0531126505472,0.0531569572422,0.0539987844458,0.0536000241915,0.0533009540007,0.0541317045306,0.0539987844458,0.053699714255,0.0537883276449,0.0542978546366,0.0544307747214,0.0540098611196,0.0536554075601,0.0539544777509,0.0539212477297,0.0534227974117,0.0536443308864,0.0538769410348,0.0531015738735,0.053123727221,0.0534227974117,0.0546855382172,0.054652308196,0.0543532380053,0.0551729118615,0.0555605954421,0.0559593556965,0.0565685727518,0.0570227163748,0.0567014928365,0.0568122595739,0.0560922757813,0.0560590457601,0.0564134993195,0.0561365824762,0.0559039723278,0.0556935155269,0.0552504485776,0.0554055220098,0.0553833686624,0.0555052120734,0.0554941353997,0.0558264356117,0.0560368924126,0.056269502561,0.056723646184,0.0568565662688,0.0574214766292,0.0575876267351,0.057676240125,0.0579199269471,0.0586509874135,0.0584405306125,0.0588614442144,0.058916827583,0.0586952941084,0.0588614442144,0.0586731407609,0.0583740705702,0.0585623740236,0.0580417703582,0.0578534669047,0.0584737606337,0.0584405306125,0.0582743805066,0.0583186872015,0.0586952941084,0.0588282141932,0.0596921947443,0.0600466483038,0.0606115586641,0.0615087692364,0.0615087692364,0.061818916101,0.0627936633894,0.0639677908051,0.0650089981359,0.0660169754456,0.0666483458483,0.0680329300649,0.0697941211883,0.0704254915911,0.0725743662952,0.0739589505117,0.0747121643256,0.0760856718684,0.0768942690509,0.0783674666573,0.0796523608102,0.0805606480563,0.0805274180351,0.08140247526,0.0806714147936,0.0809261782895,0.0813692452388,0.0818676955567,0.0824104525696,0.0824547592646,0.0818898489042,0.0812474018277,0.0815464720185,0.0818676955567,0.0824104525696,0.0827870594765,0.0833187398157,0.0827205994341,0.0828424428452,0.0830418229724,0.0835402732903,0.0839722635659,0.0841937970406,0.0841605670194,0.0851463909815,0.0855783812571,0.0857334546894,0.0867192786516,0.0868521987364,0.0870848088847,0.0869851188211,0.0875943358764,0.088192476258,0.0881592462368,0.0883364730165,0.0890121501142,0.0897764406017,0.0894552170635,0.0900312040976,0.0898207472967,0.0904078110045,0.0900201274238,0.0899536673814,0.0903302742883,0.0899647440552,0.0895881371483,0.0896878272119,0.0902084308773,0.0902859675934,0.0906071911317,0.0913271749243,0.0928779092468,0.0938748098827,0.0947498671076,0.0953812375104,0.095480927574,0.0955363109426,0.0965664415997,0.0968101284218,0.097341808761,0.0974193454771,0.0972088886762,0.097674108973,0.0978956424476,0.0982279426596,0.0994796067914,0.100210667258,0.0998783670457,0.100443277406,0.101528791432,0.10211585514,0.103267829208,0.103223522513,0.103467209335,0.103566899399,0.103766279526,0.103865969589,0.104984713636,0.105937307577,0.106147764378,0.107056051624,0.107388351836,0.107332968468,0.107997568892,0.108473865862,0.109470766498,0.109570456562,0.109880603426,0.110268287007,0.111043654168,0.111176574253,0.110921810757,0.112018401457,0.112328548321,0.113812822601,0.113225758893,0.11461034311,0.114621419784,0.114721109847,0.115153100123,0.116305074191,0.117634275039,0.118797325781,0.119262546078,0.119517309573,0.120137603302,0.121090197243,0.122131404574,0.123294455316,0.12422489591,0.124191665889,0.124501812753,0.124269202605,0.125255026567,0.125986087033,0.12710483108,0.127448207966,0.128002041653,0.12850049197,0.128655565403,0.129718926081,0.131092433624,0.13182349409,0.132676397968,0.133562531866,0.134924962735,0.136320623626,0.136785843922,0.137483674368,0.138735338499,0.139610395724,0.139809775851,0.141570966975,0.142014033924,0.142844784454,0.143310004751,0.144528438861,0.14550318615,0.146134556553,0.146356090027,0.146854540345,0.14707607382,0.146943153735,0.148660038164,0.14947971202,0.150886449584,0.150687069457,0.152027346978,0.153002094267,0.154165145009,0.155981719501,0.157897984056,0.159526255095,0.160467772362,0.161431442977,0.161918816621,0.162672030435,0.164189534737,0.164809828466,0.165175358699,0.164798751792,0.164189534737,0.165374738826,0.165828882449,0.167423923466,0.168586974208,0.170126631857,0.170780155607,0.172751803532,0.175487741944,0.177182473025,0.179674724615,0.180738085293,0.182255589594,0.182964496713,0.184482001014,0.184858607921,0.185545361693,0.18714040271,0.188203763389,0.189477580868,0.190009261207,0.190950778474,0.191825835699,0.193310109979,0.1944399307,0.196023895044,0.198615836697,0.199269360447,0.20129639174,0.202725282652,0.205261840937,0.20675719189,0.209470976955,