TF	T340141_2.00
TF Name	Tbx5
Gene	ENSMUSG00000018263
Motif	M00833_2.00
Family	T-box
Species	Mus_musculus
Pos	A	C	G	T
1	0.866666666666667	0.0222222222222222	0.0888888888888889	0.0222222222222222
2	0.087719298245614	0.0526315789473684	0.807017543859649	0.0526315789473684
3	0.015625	0.015625	0.953125	0.015625
4	0.015625	0.015625	0.015625	0.953125
5	0.015625	0.015625	0.953125	0.015625
6	0.03125	0.046875	0.015625	0.90625
7	0.0377358490566038	0.264150943396226	0.39622641509434	0.30188679245283
8	0.857142857142857	0.0238095238095238	0.0714285714285714	0.0476190476190476


TF	T340141_2.00
TF Name	Tbx5
Gene	ENSMUSG00000018263
Motif	M09649_2.00
Family	T-box
Species	Mus_musculus
Pos	A	C	G	T
1	0.786	0.002	0.139	0.074
2	0.168	0.021	0.778	0.034
3	0.002	0.143	0.842	0.014
4	0.002	0.083	0.002	0.914
5	0.002	0.002	0.995	0.002
6	0.159	0.226	0.066	0.55
7	0.016	0.495	0.231	0.26
8	0.719	0.022	0.133	0.127

TF	T192875_2.00
TF Name	Gata4
Gene	ENSMUSG00000021944
Motif	M00799_2.00
Family	GATA
Species	Mus_musculus
Pos	A	C	G	T
1	0.248650039776609	0.26139859992769	0.241301320519092	0.248650039776609
2	0.392226269785661	0.219606847798542	0.0702344472606129	0.317932435155184
3	0.0257615986027584	0.0113462234969035	0.942829024734492	0.0200631531658465
4	0.931183694119653	0.0181098604626899	0.00917476304082202	0.0415316823768348
5	0.0209101275685474	0.0204960793014344	0.00500398009361691	0.953589813036401
6	0.652610298711976	0.0667517267238459	0.0282467996828702	0.252391174881308
7	0.541666052707409	0.110459581183674	0.158324966820951	0.189549399287965
8	0.196060485729292	0.286696226860535	0.350171562229744	0.167071725180429
9	0.286129811839987	0.225077681884186	0.309960724838339	0.178831781437488


TF	T192875_2.00
TF Name	Gata4
Gene	ENSMUSG00000021944
Motif	M08126_2.00
Family	GATA
Species	Mus_musculus
Pos	A	C	G	T
1	0.272760378733	0.248361252731	0.338310269483	0.140568099053
2	0.358339402767821	0.0571740713764714	0.365622723961817	0.218863801893891
3	0.206117989803	0.34231609614	0.451565914057	0.0
4	0.800801165331	0.0	0.0	0.199198834669
5	0.0	0.0	1.0	0.0
6	1.0	0.0	0.0	0.0
7	0.0	0.0	0.0142024763291972	0.985797523670803
8	1.0	0.0	0.0	0.0
9	0.967589220684613	0.0	0.032410779315387	0.0
10	0.100145666424	0.111434814275	0.788419519301	0.0
11	0.481791697014371	0.136198106336105	0.378368536052291	0.0036416605972328


TF	T192875_2.00
TF Name	Gata4
Gene	ENSMUSG00000021944
Motif	M09123_2.00
Family	GATA
Species	Mus_musculus
Pos	A	C	G	T
1	0.368	0.128	0.312	0.192
2	0.188	0.43	0.284	0.098
3	0.664	0.008	0.016	0.312
4	0.004	0.0	0.996	0.0
5	0.98	0.004	0.008	0.008
6	0.008	0.022	0.04	0.93
7	0.962	0.004	0.004	0.03
8	0.918	0.002	0.07	0.01
9	0.094	0.182	0.698	0.026
10	0.57	0.142	0.256	0.032


TF	T192875_2.00
TF Name	Gata4
Gene	ENSMUSG00000021944
Motif	M09556_2.00
Family	GATA
Species	Mus_musculus
Pos	A	C	G	T
1	0.266	0.279	0.302	0.153
2	0.163	0.343	0.3	0.195
3	0.504	0.111	0.006	0.379
4	0.001	0.001	0.997	0.001
5	0.997	0.001	0.001	0.001
6	0.001	0.001	0.001	0.997
7	0.862	0.001	0.005	0.132
8	0.963	0.001	0.019	0.017
9	0.1	0.252	0.636	0.012
10	0.398	0.209	0.351	0.041


TF	T212407_2.00
TF Name	Nkx2-5
Gene	ENSMUSG00000015579
Motif	M00404_2.00
Family	Homeodomain
Species	Mus_musculus
Pos	A	C	G	T
1	0.207725227342246	0.274847441058101	0.234209539817246	0.283217791782407
2	0.250730322796139	0.226870177906013	0.152075628108345	0.370323871189503
3	0.170760453066186	0.301950082815769	0.186841696416032	0.340447767702012
4	0.584162017895337	0.0260541840853181	0.278711827691542	0.111071970327802
5	0.910828816577978	0.0170194187764291	0.00450124926791575	0.067650515377677
6	0.0410048934188209	0.0203624274577266	0.775642261575717	0.162990417547736
7	0.209847568003898	0.0391101256221827	0.18061747561893	0.57042483075499
8	0.306674747472627	0.0206102336576286	0.58744799994686	0.0852670189228853
9	0.118500769278914	0.315740114326387	0.345474713424825	0.220284402969873
10	0.221765027128193	0.281918602296293	0.230815429572532	0.265500941002982


TF	T212407_2.00
TF Name	Nkx2-5
Gene	ENSMUSG00000015579
Motif	M02686_2.00
Family	Homeodomain
Species	Mus_musculus
Pos	A	C	G	T
1	0.411764705882082	0.0	0.0588235294118118	0.529411764706106
2	0.0	0.235294117647	0.0	0.764705882353
3	1.0	0.0	0.0	0.0
4	1.0	0.0	0.0	0.0
5	0.0	0.0	0.411764705882	0.588235294118
6	0.235294117647	0.117647058824	0.0	0.647058823529
7	0.117647058824024	0.0588235294118118	0.647058823529129	0.176470588235035


TF	T212407_2.00
TF Name	Nkx2-5
Gene	ENSMUSG00000015579
Motif	M08136_2.00
Family	Homeodomain
Species	Mus_musculus
Pos	A	C	G	T
1	0.0513269174685692	0.523476232137686	0.278798483522833	0.146398366870912
2	0.0979877515311225	0.240594925634055	0.000874890638670201	0.660542432196152
3	0.0408282298045755	0.0	0.125692621755925	0.8334791484395
4	0.0110819480898022	0.0	0.988918051910198	0.0
5	1.0	0.0	0.0	0.0
6	0.0	0.0	1.0	0.0
7	0.278798483522905	0.0	0.0017497812773394	0.719451735199755
8	0.0	0.0	1.0	0.0
9	0.00466608340623888	0.37678623505391	0.518226888305876	0.100320793233976
10	0.142315543890014	0.427821522310043	0.0559930008749056	0.373869932925037
11	0.143190434529	0.239428404783	0.095363079615	0.522018081073


TF	T212407_2.00
TF Name	Nkx2-5
Gene	ENSMUSG00000015579
Motif	M09177_2.00
Family	Homeodomain
Species	Mus_musculus
Pos	A	C	G	T
1	0.222	0.158	0.25	0.37
2	0.018	0.424	0.35	0.208
3	0.012	0.266	0.138	0.584
4	0.034	0.274	0.354	0.338
5	0.382	0.04	0.554	0.024
6	0.996	0.0	0.002	0.002
7	0.002	0.006	0.984	0.008
8	0.182	0.056	0.018	0.744
9	0.018	0.012	0.938	0.032
10	0.028	0.334	0.544	0.094


TF	T212407_2.00
TF Name	Nkx2-5
Gene	ENSMUSG00000015579
Motif	M09567_2.00
Family	Homeodomain
Species	Mus_musculus
Pos	A	C	G	T
1	0.205	0.158	0.04	0.598
2	0.113	0.197	0.2	0.492
3	0.411	0.006	0.561	0.023
4	0.995	0.002	0.002	0.002
5	0.013	0.002	0.971	0.015
6	0.263	0.002	0.086	0.65
7	0.095	0.002	0.901	0.003
8	0.011	0.385	0.413	0.193
9	0.169	0.327	0.153	0.353
10	0.163	0.331	0.149	0.358


