MEME version 5

ALPHABET= ACGT

strands: + -

Background letter frequencies
A 0.25 C 0.25 G 0.25 T 0.25

MOTIF Tbx5
letter-probability matrix: alength= 4 w= 8 nsites= 100 E= 0
 0.8666667  0.02222222  0.08888889  0.02222222 
 0.0877193  0.05263158  0.8070175  0.05263158 
 0.015625  0.015625  0.953125  0.015625 
 0.015625  0.015625  0.015625  0.953125 
 0.015625  0.015625  0.953125  0.015625 
 0.031250  0.046875  0.015625  0.906250 
 0.03773585  0.2641509  0.3962264  0.3018868 
 0.8571429  0.02380952  0.07142857  0.04761905 

MOTIF Tbx5
letter-probability matrix: alength= 4 w= 8 nsites= 100 E= 0
 0.786000  0.002000  0.139000  0.074000 
 0.168000  0.021000  0.778000  0.034000 
 0.002000  0.143000  0.842000  0.014000 
 0.002000  0.083000  0.002000  0.914000 
 0.002000  0.002000  0.995000  0.002000 
 0.159000  0.226000  0.066000  0.550000 
 0.016000  0.495000  0.231000  0.260000 
 0.719000  0.022000  0.133000  0.127000 

MOTIF Gata4
letter-probability matrix: alength= 4 w= 9 nsites= 100 E= 0
 0.248650  0.2613986  0.2413013  0.248650 
 0.3922263  0.2196068  0.07023445  0.3179324 
 0.0257616  0.01134622  0.942829  0.02006315 
 0.9311837  0.01810986  0.009174763  0.04153168 
 0.02091013  0.02049608  0.00500398  0.9535898 
 0.6526103  0.06675173  0.0282468  0.2523912 
 0.5416661  0.1104596  0.158325  0.1895494 
 0.1960605  0.2866962  0.3501716  0.1670717 
 0.2861298  0.2250777  0.3099607  0.1788318 

MOTIF Gata4
letter-probability matrix: alength= 4 w= 11 nsites= 100 E= 0
 0.2727604  0.2483613  0.3383103  0.1405681 
 0.3583394  0.05717407  0.3656227  0.2188638 
 0.206118  0.3423161  0.4515659  0.000000 
 0.8008012  0.000000  0.000000  0.1991988 
 0.000000  0.000000  1.000000  0.000000 
 1.000000  0.000000  0.000000  0.000000 
 0.000000  0.000000  0.01420248  0.9857975 
 1.000000  0.000000  0.000000  0.000000 
 0.9675892  0.000000  0.03241078  0.000000 
 0.1001457  0.1114348  0.7884195  0.000000 
 0.4817917  0.1361981  0.3783685  0.003641661 

MOTIF Gata4
letter-probability matrix: alength= 4 w= 10 nsites= 100 E= 0
 0.368000  0.128000  0.312000  0.192000 
 0.188000  0.430000  0.284000  0.098000 
 0.664000  0.008000  0.016000  0.312000 
 0.004000  0.000000  0.996000  0.000000 
 0.980000  0.004000  0.008000  0.008000 
 0.008000  0.022000  0.040000  0.930000 
 0.962000  0.004000  0.004000  0.030000 
 0.918000  0.002000  0.070000  0.010000 
 0.094000  0.182000  0.698000  0.026000 
 0.570000  0.142000  0.256000  0.032000 

MOTIF Gata4
letter-probability matrix: alength= 4 w= 10 nsites= 100 E= 0
 0.266000  0.279000  0.302000  0.153000 
 0.163000  0.343000  0.300000  0.195000 
 0.504000  0.111000  0.006000  0.379000 
 0.001000  0.001000  0.997000  0.001000 
 0.997000  0.001000  0.001000  0.001000 
 0.001000  0.001000  0.001000  0.997000 
 0.862000  0.001000  0.005000  0.132000 
 0.963000  0.001000  0.019000  0.017000 
 0.100000  0.252000  0.636000  0.012000 
 0.398000  0.209000  0.351000  0.041000 

MOTIF Nkx2-5
letter-probability matrix: alength= 4 w= 10 nsites= 100 E= 0
 0.2077252  0.2748474  0.2342095  0.2832178 
 0.2507303  0.2268702  0.1520756  0.3703239 
 0.1707605  0.3019501  0.1868417  0.3404478 
 0.584162  0.02605418  0.2787118  0.111072 
 0.9108288  0.01701942  0.004501249  0.06765052 
 0.04100489  0.02036243  0.7756423  0.1629904 
 0.2098476  0.03911013  0.1806175  0.5704248 
 0.3066747  0.02061023  0.587448  0.08526702 
 0.1185008  0.3157401  0.3454747  0.2202844 
 0.221765  0.2819186  0.2308154  0.2655009 

MOTIF Nkx2-5
letter-probability matrix: alength= 4 w= 7 nsites= 100 E= 0
 0.4117647  0.000000  0.05882353  0.5294118 
 0.000000  0.2352941  0.000000  0.7647059 
 1.000000  0.000000  0.000000  0.000000 
 1.000000  0.000000  0.000000  0.000000 
 0.000000  0.000000  0.4117647  0.5882353 
 0.2352941  0.1176471  0.000000  0.6470588 
 0.1176471  0.05882353  0.6470588  0.1764706 

MOTIF Nkx2-5
letter-probability matrix: alength= 4 w= 11 nsites= 100 E= 0
 0.05132692  0.5234762  0.2787985  0.1463984 
 0.09798775  0.2405949  0.0008748906  0.6605424 
 0.04082823  0.000000  0.1256926  0.8334791 
 0.01108195  0.000000  0.9889181  0.000000 
 1.000000  0.000000  0.000000  0.000000 
 0.000000  0.000000  1.000000  0.000000 
 0.2787985  0.000000  0.001749781  0.7194517 
 0.000000  0.000000  1.000000  0.000000 
 0.004666083  0.3767862  0.5182269  0.1003208 
 0.1423155  0.4278215  0.055993  0.3738699 
 0.1431904  0.2394284  0.09536308  0.5220181 

MOTIF Nkx2-5
letter-probability matrix: alength= 4 w= 10 nsites= 100 E= 0
 0.222000  0.158000  0.250000  0.370000 
 0.018000  0.424000  0.350000  0.208000 
 0.012000  0.266000  0.138000  0.584000 
 0.034000  0.274000  0.354000  0.338000 
 0.382000  0.040000  0.554000  0.024000 
 0.996000  0.000000  0.002000  0.002000 
 0.002000  0.006000  0.984000  0.008000 
 0.182000  0.056000  0.018000  0.744000 
 0.018000  0.012000  0.938000  0.032000 
 0.028000  0.334000  0.544000  0.094000 

MOTIF Nkx2-5
letter-probability matrix: alength= 4 w= 10 nsites= 100 E= 0
 0.205000  0.158000  0.040000  0.598000 
 0.113000  0.197000  0.200000  0.492000 
 0.411000  0.006000  0.561000  0.023000 
 0.995000  0.002000  0.002000  0.002000 
 0.013000  0.002000  0.971000  0.015000 
 0.263000  0.002000  0.086000  0.650000 
 0.095000  0.002000  0.901000  0.003000 
 0.011000  0.385000  0.413000  0.193000 
 0.169000  0.327000  0.153000  0.353000 
 0.163000  0.331000  0.149000  0.358000 

