# R script for Peak Model
#  -- generated by MACS
p <- c(0.0277532477879,0.0322751131603,0.0370601558823,0.0417973481772,0.0469532317102,0.047084820385,0.0465584656856,0.0466063161128,0.0468336056421,0.0467977178217,0.0459364101318,0.0461517370542,0.0459483727386,0.0459962231658,0.0455177188936,0.045673232782,0.045984260559,0.0459124849181,0.0460560361998,0.0461995874815,0.0466661291469,0.046534540472,0.0467618300013,0.0470369699578,0.0471685586327,0.0474317359824,0.0474676238028,0.0476231376913,0.0477308011525,0.0480657541431,0.048005941109,0.0479222028614,0.0484844453812,0.0483887445268,0.0480657541431,0.0480896793567,0.0482451932451,0.0485562210221,0.0487236975174,0.0484485575608,0.0487236975174,0.0491782765759,0.0484126697404,0.0481734176043,0.0483887445268,0.0485921088425,0.0485322958085,0.0481255671771,0.0479102402546,0.0477427637593,0.0475274368368,0.0473719229484,0.0472522968803,0.0473121099143,0.0475752872641,0.0472403342735,0.047455661196,0.047826502007,0.048005941109,0.048257155852,0.0482810810656,0.048005941109,0.048867248799,0.0489509870467,0.0490466879011,0.0490706131147,0.0489509870467,0.048807435765,0.048436594954,0.0482930436724,0.0486758470901,0.0491065009351,0.0485921088425,0.0486519218765,0.0486399592697,0.0485562210221,0.0486279966629,0.0486279966629,0.0487595853378,0.0487954731582,0.0488193983718,0.0486399592697,0.0487117349105,0.0486638844833,0.0486040714493,0.0484007071336,0.04837678192,0.0483648193132,0.0482930436724,0.0486519218765,0.0490227626875,0.0495730426005,0.0494294913189,0.0495012669597,0.0496208930277,0.0499678086251,0.0499917338387,0.0498362199502,0.0501233225136,0.0499438834115,0.049668743455,0.0491184635419,0.0491663139691,0.0491184635419,0.0490586505079,0.0489749122603,0.0489749122603,0.0491663139691,0.0494534165325,0.0495251921733,0.0495969678141,0.0499438834115,0.0504822007177,0.0504223876837,0.0503745372565,0.0504463128973,0.0508051911014,0.0511879945192,0.0508051911014,0.0513076205873,0.0511162188784,0.0510444432376,0.0514870596893,0.0522287413113,0.0528149090447,0.0533173385305,0.0527550960107,0.0523603299861,0.0523005169521,0.0524081804133,0.0527790212243,0.0528268716515,0.0522167787045,0.0517502370391,0.051630610971,0.051570797937,0.0523483673793,0.0526235073358,0.0530063107536,0.0530541611808,0.0533891141714,0.0535805158802,0.0539752819048,0.0542145340409,0.0541188331865,0.0541427584001,0.0539154688708,0.0539274314776,0.0540709827593,0.0540470575456,0.053963319298,0.0540709827593,0.0533891141714,0.0536642541279,0.0536403289143,0.0536522915211,0.053592478487,0.0539393940844,0.0538197680163,0.0537958428027,0.0534967776326,0.0537360297687,0.0540829453661,0.0542623844681,0.0543461227158,0.0542504218613,0.0544657487838,0.0545614496383,0.0545734122451,0.0541786462205,0.0545375244247,0.0542025714341,0.0549203278424,0.0543221975022,0.0544418235702,0.055315093867,0.0553509816874,0.0554825703623,0.0557098598916,0.0560448128821,0.056236214591,0.0562481771978,0.055925186814,0.0566190180087,0.0563079902318,0.0561524763433,0.0558534111732,0.0557816355324,0.0557816355324,0.0560687380957,0.0558534111732,0.0564156536931,0.0566788310428,0.0565233171543,0.0571334101014,0.0570735970673,0.0580904186458,0.0580904186458,0.0588799506949,0.058198082107,0.0582937829615,0.0578511665097,0.0573606996307,0.0576836900144,0.057157335315,0.0572291109558,0.0566549058292,0.0567745318972,0.0557816355324,0.0564635041203,0.0564993919407,0.0564395789067,0.0573248118103,0.0573128492034,0.0579707925777,0.057767428262,0.0577793908688,0.0575162135191,0.0580425682186,0.0581741568934,0.058628735952,0.0595977071032,0.0592149036855,0.0592866793263,0.0597891088121,0.0599685479142,0.0605068652204,0.0608537808178,0.0614997615852,0.0618466771826,0.0615476120125,0.0616433128669,0.0618107893622,0.0617270511145,0.061392098124,0.0620500414983,0.0621337797459,0.0625644335909,0.0626242466249,0.0624806953433,0.0627917231202,0.0625524709841,0.0628515361542,0.0634616291013,0.0635573299557,0.0634975169217,0.063234339572,0.0634257412809,0.0628874239746,0.0629711622223,0.0628156483338,0.0626720970522,0.062743872693,0.061942378037,0.0618466771826,0.061762938935,0.0623012562412,0.0617390137213,0.0624448075229,0.0632821899992,0.0640597594415,0.0643468620049,0.0642391985436,0.0649689175587,0.0657823748215,0.066057514778,0.0664044303754,0.0671102241769,0.0673016258857,0.0673973267402,0.0672537754585,0.0679117188328,0.0685098491731,0.0684141483186,0.0687730265228,0.0692634934018,0.0699214367761,0.0696941472468,0.0692993812222,0.0689285404112,0.0695864837855,0.0698376985284,0.0696462968195,0.0699453619897,0.0696343342127,0.0690003160521,0.0686294752411,0.069191717761,0.0696582594264,0.0698735863488,0.0697061098536,0.0700649880577,0.0708305948933,0.0707588192524,0.0714885382675,0.0720029303602,0.0718593790785,0.0717995660445,0.0718952668989,0.0730436771522,0.0738212465945,0.0744433021484,0.0750414324887,0.0767281600482,0.0777090938062,0.0798623630311,0.0822189965718,0.0842526397286,0.0863939463468,0.0873868427116,0.088894131169,0.0897434762522,0.0909277743259,0.0921359976132,0.0924350627833,0.0927221653467,0.0925307636378,0.0930930061576,0.0931408565849,0.0935356226094,0.0935475852162,0.0942773042313,0.0946959954695,0.0946959954695,0.0955333779459,0.0956171161935,0.0962870221746,0.0958204805092,0.0962989847814,0.096693750806,0.0970406664033,0.0973756193939,0.097184217685,0.0971961802918,0.0970645916169,0.097555058496,0.0973158063598,0.098595805288,0.0987034687492,0.099026459133,0.0992178608419,0.0986436557152,0.0991341225942,0.0992896364827,0.0998040285753,0.100055243318,0.100605523231,0.100222719813,0.100725149299,0.0998997294298,0.100485897163,0.100354308488,0.100450009343,0.100808887547,0.10049785977,0.100031318105,0.0998399163957,0.0998997294298,0.0999954302842,0.100557672804,0.100222719813,0.100916551008,0.101203653572,0.101383092674,0.101861596946,0.102531502927,0.103213371515,0.103907202709,0.103871314889,0.104612996511,0.104947949502,0.106215985823,0.106658602275,0.107328508256,0.107639536033,0.10824962898,0.108357292441,0.109493740087,0.110295234743,0.110079907821,0.110355047777,0.110522524273,0.110690000768,0.110402898205,0.11090532769,0.11139579457,0.112005887517,0.111036916365,0.111670934526,0.112412616148,0.112544204823,0.112197289225,0.112962896061,0.113860091571,0.113967755033,0.113884016785,0.114135231528,0.113884016785,0.113441400333,0.113273923838,0.114422334091,0.115020464431,0.114805137509,0.115187940927,0.116013360796,0.116180837292,0.116527752889,0.117592424895,0.118681022114,0.119925133222,0.119865320188,0.120858216552,0.12236550501,0.122760271034,0.122844009282,0.123083261418,0.124817839405,0.125152792395,0.124793914191,0.125858586197,0.126911295596,0.127509425936,0.127353912048,0.12783241632,0.128179331917,0.129315779564,0.128418584053,0.129375592598,0.130679516739,0.130177087254,0.130547928065,0.130308675928,0.130464189817,0.131409235755,0.131469048789,0.131684375711,0.132509795581,0.133801757116,0.134435775276,0.135081756044,0.135488484675,0.136672782749,0.138574837231,0.139555770989,0.141063059446,0.141960254957,0.142857450467,0.14314455303,0.143551281662,0.144388664138,0.145453336144,0.145202121401,0.144221187643,0.144472402386,0.14486716841,0.145680625673,0.145441373537,0.145465298751,0.145883989989,0.146195017766,0.146661559431,0.147104175883,0.147534829728,0.147738194044,0.148144922675,0.14861146434,0.148922492117,0.149927351089,0.150046977157,0.150788658779,0.150585294463,0.150932210061,0.152726601081,0.153946786975,0.154796132059,0.155777065817,0.157200616026,0.157930335042,0.158456689741,0.158791642731,0.16010752948,0.161387528408,0.161255939733,0.161375565801,0.162547901268,0.162846966438,0.163469021992,0.163947526265,0.164772946134,0.166280234592,0.166220421557,0.167141542281,0.168600980312,0.16901967155,0.16931873672,0.170120231376,0.170861912998,0.171567706799,0.172584528378,0.172931443975,0.174773685423,0.175826394822,0.176053684351,0.176747515546,0.17707050593,0.177943776227,0.178374430072,0.179618541179,0.180862652287,