# R script for Peak Model
#  -- generated by MACS
p <- c(0.0268780543538,0.0315795532504,0.0362205549186,0.0407492045911,0.0451482173455,0.0446901669015,0.044880301048,0.0453124241084,0.0453297090308,0.0452259994963,0.0456149102506,0.0454334185653,0.0453037816472,0.0454420610265,0.0455544130222,0.0457013348627,0.0456667650179,0.0456840499403,0.0460297483886,0.0454939157937,0.0448630161256,0.0446469545954,0.0444568204489,0.044041982311,0.044292613686,0.0442494013799,0.0439123453929,0.0438432057032,0.0437999933972,0.0439728426213,0.0445259601385,0.0445950998282,0.0445691724446,0.044586457367,0.0445691724446,0.0448111613584,0.0451568598067,0.0450185804273,0.045087720117,0.0451741447291,0.045044507811,0.0451914296515,0.0450704351946,0.0455371280998,0.0451050050394,0.0453297090308,0.0452519268799,0.0449321558153,0.0445950998282,0.0446988093627,0.0451136475006,0.0450790776558,0.0451136475006,0.044837088742,0.0449580831989,0.0439814850825,0.0441024795394,0.0444481779877,0.044629669673,0.0445605299834,0.0444741053713,0.0441024795394,0.0443185410696,0.0444913902937,0.0446555970567,0.044880301048,0.044586457367,0.044586457367,0.0446383121342,0.0444913902937,0.0439555576989,0.0441456918454,0.0442839712248,0.0441370493842,0.0442234739963,0.0446815244403,0.0447247367463,0.0443617533756,0.0440506247722,0.0444222506041,0.0448630161256,0.0451136475006,0.0451914296515,0.0453297090308,0.0449926530437,0.0448457312032,0.0454334185653,0.0452173570351,0.0455112007161,0.0454161336429,0.0457013348627,0.0457877594748,0.0456149102506,0.0456062677894,0.0455025582549,0.0457877594748,0.0452087145739,0.0457618320912,0.0455630554834,0.0452087145739,0.0450012955049,0.0449926530437,0.0451741447291,0.0452605693411,0.0455716979446,0.0452778542636,0.045381563798,0.0455025582549,0.0458828265481,0.0463495194532,0.0463063071472,0.0464532289877,0.0462025976127,0.0457877594748,0.0459001114705,0.0461853126903,0.0464273016041,0.0461593853067,0.0460988880782,0.0456754074791,0.0460038210049,0.0454247761041,0.0458568991644,0.0462285249963,0.0461334579231,0.0460124634662,0.0460383908498,0.0463927317593,0.0462112400739,0.0466520055955,0.0464877988325,0.0469977040438,0.0466952179015,0.0469372068153,0.046842139742,0.0467902849748,0.0464186591429,0.0462112400739,0.0461680277679,0.0459519662377,0.0457445471687,0.0457791170136,0.0461853126903,0.0464273016041,0.0465223686774,0.0466260782119,0.0468075698972,0.0471619108067,0.0476113187895,0.0476545310955,0.0477928104748,0.0474643969489,0.0476891009403,0.0472137655739,0.047507609255,0.0477236707851,0.0480261569274,0.0478360227808,0.0481817212291,0.0482335759964,0.0487089113627,0.0496855094791,0.0494435205653,0.0496595820955,0.0495904424059,0.04976329163,0.0498670011645,0.0499793531602,0.0494175931817,0.0496250122507,0.0496855094791,0.049011397505,0.04876076613,0.0491583193455,0.0491583193455,0.0489595427377,0.0490373248886,0.0492533864188,0.0498324313197,0.0499188559317,0.0492015316515,0.049218816574,0.04976329163,0.0498410737809,0.0503164091473,0.0504633309878,0.0503509789921,0.0504374036041,0.0501262750007,0.049970710699,0.0506361802119,0.0512065826516,0.0508263143585,0.0504287611429,0.0500744202335,0.0503855488369,0.0504546885266,0.0502126996128,0.050722604824,0.0512325100352,0.0515436386386,0.0512065826516,0.0514572140266,0.0518979795481,0.0523646724533,0.0520362589274,0.0519239069318,0.0523214601473,0.0520535438499,0.0522955327637,0.0518634097033,0.0520535438499,0.0519930466214,0.0515263537162,0.0516387057119,0.0517769850912,0.0521745383068,0.0523473875309,0.0524856669102,0.0522955327637,0.0521399684619,0.0520103315438,0.0521053986171,0.0520881136947,0.0520016890826,0.0522004656904,0.0524251696818,0.0524251696818,0.0521313260007,0.0520967561559,0.0525461641387,0.052978287199,0.0531079241171,0.0535746170223,0.0532634884188,0.0532807733413,0.053185706268,0.0529005050481,0.0531511364232,0.0528832201257,0.0529091475094,0.0531424939619,0.0528486502809,0.052978287199,0.0529696447378,0.0529696447378,0.0532894158025,0.0533931253369,0.0540672373111,0.0544215782206,0.0544734329878,0.0544475056042,0.0546808520568,0.0545857849835,0.0550784052723,0.0553203941861,0.0546376397508,0.0548364163585,0.0543437960697,0.0545944274447,0.0545857849835,0.0547932040525,0.055147544962,0.0553722489534,0.0553808914146,0.0552512544965,0.0560809307723,0.0564871264491,0.0567031879792,0.0567550427465,0.056945176893,0.056901964587,0.0574118697982,0.0572735904189,0.0573254451861,0.057403227337,0.0573686574922,0.0573168027249,0.0573168027249,0.0580514119275,0.058405752837,0.0585699596,0.0583452556086,0.0586390992896,0.0588292334362,0.0594255632594,0.0596243398672,0.0597626192465,0.0603935189146,0.0597539767853,0.0597626192465,0.0601688149232,0.0603503066086,0.0607478598241,0.0611022007336,0.0610589884276,0.0609379939707,0.0607219324405,0.0605058709103,0.0607910721302,0.061370117031,0.0614046868759,0.0620701563888,0.0630553969664,0.0639110006259,0.0649826658156,0.0659333365483,0.0671087112725,0.068508789988,0.0692433991906,0.0695631702553,0.070219997307,0.0707299025182,0.070678047751,0.0706175505225,0.0706521203674,0.0711015283501,0.0714817966432,0.0712398077294,0.0711706680398,0.0716719307898,0.0720521990829,0.0716287184838,0.0716632883286,0.0717065006346,0.0722077633846,0.07188799232,0.07188799232,0.0724065399924,0.0737461214795,0.0737115516346,0.0740053953157,0.0749301386648,0.0760968709278,0.0769697595097,0.0766413459838,0.0771339662726,0.0779290727037,0.078110564389,0.0775055921045,0.077816720708,0.0781797040787,0.0786463969839,0.07790314532,0.0784735477597,0.078862458514,0.0796402800227,0.0793032240356,0.0795020006433,0.0797612744796,0.0802971070744,0.0801329003115,0.0799514086261,0.0805477384494,0.0806255206003,0.0812045655011,0.0809280067425,0.0813342024192,0.081576191333,0.0821120239279,0.0822243759236,0.0828466331305,0.0831231918891,0.0831664041951,0.0825873592942,0.0824836497598,0.0825441469882,0.0828898454365,0.0828379906693,0.0834083931089,0.0832701137296,0.0836158121779,0.0839269407813,0.0845924102943,0.0851455278115,0.0858974219365,0.0863209025357,0.0864246120702,0.0870641541995,0.087003656971,0.0881012495443,0.0878160483245,0.0884383055314,0.0885938698331,0.0890778476607,0.0896136802556,0.0901581553116,0.0909878315875,0.0914718094151,0.0921977761565,0.0923101281521,0.0937015644065,0.0940731902384,0.0941077600832,0.0944102462254,0.0947645871349,0.0953609169582,0.0958448947858,0.0965276492212,0.09702026951,0.0977116664065,0.0977116664065,0.0981351470057,0.0993537340359,0.100434041687,0.10059824845,0.101471137032,0.101669913639,0.10124643304,0.101522991799,0.101868690247,0.102344025613,0.103234199118,0.103856456325,0.103899668631,0.10425400954,0.104521925838,0.105230607657,0.106682541139,0.107010954665,0.107287513424,0.107659139256,0.107685066639,0.107607284489,0.108376463536,0.109871609325,0.11048522407,0.11090870467,0.111228475734,0.112593984605,0.11384714148,0.11484966698,0.116025041704,0.117027567204,0.117554757338,0.117347338269,0.118012807782,0.118747416984,0.11943017142,0.119758584946,0.120631473528,0.121850060558,0.12280073129,0.123492128187,0.125030486282,0.126145363778,0.126741693601,0.128115844933,0.129351716885,0.130112253472,0.130665370989,0.131114778972,0.131944455248,0.1331803272,0.133837154252,0.134977959131,0.13625704339,0.137294138735,0.137968250709,0.139627603261,0.14069926845,0.141589441955,0.142496900381,0.14298952067,0.143438928653,0.144916789519,0.145616828877,0.146118091627,0.147561382649,0.147691019567,0.149609645955,0.150854160368,0.151778903718,0.153248122123,0.154725982989,0.155598871571,0.157042162593,0.15809654286,0.158831152063,0.159971956942,0.160352225235,0.16160538211,0.162815326679,0.163800567257,0.164733953067,0.165641411494,0.167456328347,0.16897740152,0.170584899304,0.172788726912,0.173748040106,0.175251828356,0.177628505188,0.179210075589,0.181180556744,0.183030043442,0.18423134555,0.186011692559,0.18767104511,0.188932844447,0.191361376046,0.192433041235,0.192796024606,0.194334382701,0.195699891572,0.197497523503,0.198517333925,