# R script for Peak Model
#  -- generated by MACS
p <- c(0.0249808446273,0.0291358391512,0.0336639352241,0.0375645423282,0.0420756792398,0.0422452708531,0.041872169304,0.0420587200785,0.0415499452389,0.0417195368521,0.041872169304,0.0421265567238,0.041923046788,0.0421604750465,0.0418891284653,0.0424487807889,0.0422622300144,0.0424148624663,0.0428897189833,0.0427540456927,0.0428897189833,0.0427370865314,0.0428558006607,0.0438394320173,0.0442294927277,0.0444669209862,0.0453827156976,0.0445686759542,0.0442464518891,0.0445347576315,0.0445517167929,0.0447891450514,0.044348206857,0.0435850445975,0.0433136980164,0.0436189629202,0.0432289022097,0.0436698404041,0.0441955744051,0.0438055136947,0.0439242278239,0.044399084341,0.0449417775033,0.0452640015684,0.0453148790523,0.0449756958259,0.0448909000193,0.04477218589,0.0445856351155,0.0455183889882,0.0453827156976,0.0447891450514,0.0443312476957,0.0440259827919,0.0444669209862,0.0443142885344,0.0439072686626,0.0437037587268,0.043771595372,0.0435341671135,0.0441277377598,0.0441786152438,0.0444330026636,0.0445517167929,0.0442634110504,0.0444160435023,0.0450435324712,0.0455183889882,0.0455183889882,0.0453657565363,0.0447043492448,0.0451792057618,0.0455353481495,0.0453148790523,0.0456031847948,0.0452809607297,0.0455862256335,0.0453318382137,0.0447891450514,0.044399084341,0.0448061042127,0.0444669209862,0.0445686759542,0.0449248183419,0.0442464518891,0.0451113691165,0.0446025942768,0.0444669209862,0.0452131240844,0.0454335931816,0.0456371031175,0.0455862256335,0.0450604916325,0.0456031847948,0.0460102046666,0.0456879806014,0.0458914905373,0.046875121894,0.0461967554411,0.0462815512477,0.0459423680213,0.0459593271826,0.0458914905373,0.0455353481495,0.0455692664722,0.0458575722147,0.0457388580854,0.0452131240844,0.0455523073109,0.0458914905373,0.0465698569902,0.0469259993779,0.0471634276364,0.0470447135072,0.0472651826044,0.0467055302808,0.0473838967336,0.047875712412,0.0485201605422,0.0489271804139,0.0481300998318,0.048350568929,0.0484353647356,0.0481809773158,0.047875712412,0.0483166506063,0.0481809773158,0.047824834928,0.0473669375723,0.0470955909912,0.0475195700242,0.0471634276364,0.0477909166054,0.047824834928,0.0483844872516,0.0487236704781,0.0485879971875,0.0487406296394,0.0487406296394,0.0490967720272,0.0490628537045,0.0494529144149,0.0492663636404,0.0497920976414,0.0497581793187,0.049300281963,0.0497412201574,0.0501312808678,0.0506230965461,0.0500295258999,0.049826015964,0.0492494044791,0.0494359552536,0.0489950170592,0.0489780578979,0.049300281963,0.048825425446,0.0486897521554,0.0486049563488,0.0485201605422,0.0490798128658,0.0491476495111,0.048774547962,0.0489102212526,0.0482488139611,0.0480453040252,0.0482488139611,0.0481300998318,0.0482827322837,0.048825425446,0.0486049563488,0.04887630293,0.048774547962,0.0492833228017,0.0502160766744,0.0510809939018,0.0515728095802,0.0516236870641,0.0512166671924,0.0514540954509,0.0516236870641,0.052251176033,0.0523359718397,0.052251176033,0.0519967886132,0.0517593603547,0.0513184221603,0.0516745645481,0.0521833393878,0.052302053517,0.0519628702906,0.0517424011934,0.0523868493236,0.052251176033,0.0525734000982,0.0523190126783,0.0522342168717,0.0524546859689,0.0523698901623,0.0525225226142,0.0524377268076,0.052352931001,0.0525225226142,0.0531500115831,0.0536418272614,0.0540827654558,0.0540658062945,0.0541506021011,0.0540658062945,0.0534891948095,0.0545067444889,0.0546424177794,0.053777500552,0.0537605413907,0.0535231131322,0.0533874398416,0.0540658062945,0.0532687257124,0.053353521519,0.0534383173256,0.0526921142274,0.0530312974539,0.0538114188747,0.0536927047454,0.0535570314548,0.0535400722935,0.0536587864228,0.0540149288105,0.0545745811342,0.0544728261662,0.0546254586181,0.0542184387464,0.0539640513266,0.0544219486823,0.0546763361021,0.0548968051993,0.0544558670049,0.054828968554,0.0546932952634,0.055354702555,0.055727804104,0.0559991506852,0.0558973957173,0.0555921308135,0.0556769266201,0.0553377433936,0.0556430082974,0.055778681588,0.0554394983616,0.0556260491361,0.0551342334578,0.0554394983616,0.0559313140399,0.0561009056531,0.0561517831371,0.056355293073,0.0561687422984,0.0560500281692,0.0567962312673,0.0576781076561,0.0585260657222,0.0585939023675,0.0592722688203,0.0596453703694,0.0600523902412,0.0602389410157,0.0606629200487,0.0610529807592,0.0617652655347,0.0609342666299,0.0611716948884,0.0613752048243,0.0613243273403,0.060832511662,0.0604254917902,0.0605781242421,0.0606459608874,0.0610529807592,0.0605272467582,0.0609851441139,0.0615108781148,0.061782224696,0.0623757953423,0.0636646916027,0.0639529973452,0.0644956905075,0.0645635271528,0.0641904256037,0.0648687920566,0.0647500779273,0.0650723019925,0.0651062203151,0.0645974454754,0.0640208339905,0.063834283216,0.0635120591508,0.0641225889584,0.0651740569604,0.064834873734,0.0651910161217,0.0655132401868,0.0661237699944,0.0667512589633,0.0674465845775,0.0688033174833,0.0694816839362,0.0708044985193,0.071211518391,0.0724156188449,0.0733314135563,0.0731787811044,0.073738433428,0.0735179643308,0.0739249842025,0.0744676773648,0.0755700228508,0.075213880463,0.075264757947,0.0748068605913,0.074688146462,0.0754513087215,0.0759940018838,0.0770793882084,0.0776729588547,0.077689918016,0.0779951829198,0.0779782237585,0.0788261818246,0.0799285273105,0.0804542613115,0.0804203429889,0.0802507513756,0.0806577712474,0.0803864246662,0.0807595262153,0.0801150780851,0.0810308727965,0.0810478319578,0.0805220979568,0.0807595262153,0.0809460769898,0.0812004644097,0.0825402381541,0.0833542778976,0.0837782569306,0.0852367448043,0.0849993165458,0.0854063364175,0.0860847028704,0.0862712536449,0.086695232678,0.0870344159044,0.0859999070638,0.0861525395157,0.086118621193,0.0858811929345,0.086118621193,0.0853384997722,0.0849484390618,0.084744929126,0.0849823573845,0.0848975615779,0.0855250505468,0.0860507845478,0.0866613143554,0.0870513750658,0.0875940682281,0.0888490461659,0.0894426168122,0.0899853099745,0.0897818000386,0.0899513916518,0.0897648408773,0.0891882293923,0.0884589854555,0.0883402713262,0.0888660053272,0.0888829644885,0.0895274126188,0.0900531466198,0.0904940848141,0.0915455528161,0.0919186543652,0.0918677768812,0.0930888364964,0.0925291841728,0.0917151444293,0.0923426333982,0.0927157349473,0.0928174899152,0.0935806521747,0.0941063861757,0.0939367945625,0.0945642835314,0.0950391400484,0.0964467504381,0.0972607901816,0.0971420760523,0.0971420760523,0.097701728376,0.0979900341184,0.0974643001175,0.0985327272807,0.099177175411,0.0983461765062,0.0988549513459,0.099126297927,0.0994146036695,0.0998725010252,0.100279520897,0.100669581607,0.101008764834,0.101958477868,0.101721049609,0.10250117103,0.101941518706,0.102840354257,0.102772517611,0.10211111032,0.103111700838,0.103942699742,0.103807026452,0.104688902841,0.1054520651,0.105825166649,0.107198858716,0.107962020976,0.109318753882,0.110370221883,0.110539813497,0.109708814592,0.111201220788,0.110285426077,0.111455608208,0.112167892984,0.11199830137,0.112167892984,0.111896546402,0.112914096082,0.11340591176,0.115084868731,0.11520358286,0.116017622604,0.11622113254,0.11686558067,0.117934007833,0.118137517769,0.1193076999,0.119867352224,0.119833433901,0.120003025514,0.120681391967,0.121308880936,0.121444554227,0.122479063067,0.123327021133,0.125158610556,0.125582589589,0.12610832359,0.127295464883,0.127532893141,0.128720034434,0.129415360048,0.130822970438,0.131348704439,0.132349294957,0.132756314829,0.134604863413,0.135011883284,0.136504289481,0.13791189987,0.138759857936,0.139692611809,0.140354019101,0.14188034362,0.142473914266,0.142931811622,0.144492054463,0.146594990467,0.147358152727,0.148375702406,0.148664008149,0.149766353634,0.151835371316,0.151564024735,0.153141226738,0.154311408869,0.154175735578,0.156007325001,0.157838914424,0.160179278686,0.162417887981,0.163333682692,0.163638947596,0.166098025988,0.166505045859,0.168998042574,0.170151265543,0.171270570191,0.171931977482,0.171491039288,0.172712098903,0.174289300906,0.175696911296,0.176375277749,0.178172948849,