# R script for Peak Model
#  -- generated by MACS
p <- c(0.031314626055,0.036182266662,0.0408120746661,0.0463139355477,0.0513876977439,0.0515938193332,0.0514194087577,0.0512767091959,0.0515145417988,0.0508644660174,0.0504997893596,0.0507851884831,0.0514352642645,0.0511974316616,0.0512925647028,0.0510864431135,0.0512132871684,0.0514194087577,0.0504205118253,0.0506107779076,0.0509437435518,0.0514828307851,0.0511657206478,0.0502302457429,0.0498338580713,0.0495326034409,0.0493581928654,0.0488349611389,0.0493264818517,0.0500558351674,0.049754580537,0.0488666721527,0.0493423373586,0.0494850369203,0.0496753030027,0.049643591989,0.0495643144547,0.0502619567566,0.0499765576331,0.0496594474958,0.0498655690851,0.0500399796606,0.0496911585096,0.0496277364821,0.0500241241537,0.0501985347292,0.0501351127017,0.049405759386,0.0494533259066,0.0491837822899,0.0487239725909,0.0491203602625,0.0491045047556,0.0497070140164,0.0495008924272,0.0494691814135,0.0493581928654,0.04999241314,0.0504363673321,0.0505156448665,0.0506424889214,0.0506266334145,0.0508327550037,0.0506583444282,0.0506107779076,0.0507851884831,0.0513084202096,0.0517365188949,0.0514194087577,0.0515938193332,0.05241830569,0.0525292942381,0.05241830569,0.0526878493067,0.0525927162655,0.0526878493067,0.0522280396077,0.0521329065665,0.0528622598822,0.0526244272793,0.051847507443,0.0515145417988,0.0515303973057,0.0515621083194,0.0516889523743,0.0519267849773,0.0520694845391,0.0521329065665,0.0517365188949,0.0520377735253,0.052307317142,0.0523390281557,0.0521804730871,0.0523390281557,0.0528146933616,0.0520853400459,0.0525292942381,0.0523390281557,0.0522121841008,0.0526402827861,0.0528464043754,0.0533062140744,0.0535440466773,0.0537184572528,0.0530683814714,0.0535440466773,0.0535757576911,0.0539087233352,0.0546539321578,0.0543368220205,0.0545587991166,0.0543685330342,0.0540355673901,0.054162411445,0.0546856431715,0.0548917647607,0.055319863446,0.0553515744598,0.0554784185147,0.0554784185147,0.0553832854735,0.0551930193911,0.056255338351,0.0562870493647,0.0560967832823,0.0560650722686,0.0551930193911,0.0549234757745,0.0546697876646,0.0542733999931,0.0543843885411,0.0546380766509,0.0536708907323,0.0533379250881,0.0531952255264,0.0531793700195,0.0537343127597,0.0536233242117,0.0529098264028,0.0536867462391,0.0532269365401,0.0531635145126,0.0533379250881,0.0536708907323,0.0541148449244,0.0542099779656,0.0539087233352,0.0539087233352,0.0547332096921,0.0541307004313,0.0546697876646,0.054971042295,0.055557696049,0.0551454528705,0.054971042295,0.0548283427333,0.054971042295,0.0548441982401,0.054622221144,0.0550503198294,0.0547332096921,0.0546697876646,0.0545270881029,0.0554467075009,0.0559065172,0.0563504713921,0.0560967832823,0.05671514805,0.0567310035569,0.0571908132559,0.0575713454206,0.0573493683245,0.0576189119412,0.0573493683245,0.0564614599402,0.0565248819676,0.0571273912284,0.0569371251461,0.0567785700775,0.0563821824059,0.0562870493647,0.0565724484882,0.05671514805,0.0569054141324,0.0573969348451,0.0575237789,0.0573176573108,0.0577299004893,0.058221421202,0.0579677330922,0.0583482652569,0.0581579991746,0.0578091780236,0.057872600051,0.0584909648187,0.0582372767089,0.0583958317775,0.0576981894755,0.0578091780236,0.0578250335304,0.0573018018039,0.0578091780236,0.0579360220785,0.0580628661334,0.0577140449824,0.0577299004893,0.0578091780236,0.058459253805,0.0583641207638,0.0585385313393,0.0588714969834,0.059267884655,0.0594740062442,0.0588873524903,0.0591410406001,0.0599021049295,0.0604411921629,0.0607265912864,0.0606473137521,0.0604094811492,0.0604729031766,0.0599179604364,0.059965526957,0.0600448044913,0.0601240820256,0.0594740062442,0.0594264397236,0.0590141965452,0.0594581507374,0.0597435498609,0.0598703939158,0.0600606599982,0.0597594053678,0.0595691392854,0.0592837401619,0.0596801278334,0.0595691392854,0.0602667815874,0.060076515505,0.0599179604364,0.0602350705737,0.060076515505,0.0608534353413,0.0614400890953,0.0619157543012,0.061582788657,0.0613608115609,0.0614242335884,0.0617889102463,0.0623914195071,0.0624865525482,0.0626609631237,0.0617730547394,0.0624548415345,0.062280430959,0.0627560961649,0.0627243851512,0.062518263562,0.0624865525482,0.0624072750139,0.0624389860277,0.0630097842747,0.0633903164394,0.0629305067404,0.0637708486042,0.0639452591797,0.0647856010434,0.0651978442219,0.0652612662493,0.0655149543591,0.0659747640582,0.0660698970993,0.066339440716,0.0663552962229,0.0660698970993,0.0668785279494,0.0668309614288,0.0664662847709,0.066688261867,0.0667992504151,0.0662125966611,0.0664187182503,0.0667516838945,0.0667833949082,0.0664662847709,0.0657527869621,0.0657686424689,0.0666724063602,0.0671480715661,0.0675920257582,0.0681628240053,0.0681786795122,0.0684799341426,0.0697642301985,0.0707631271309,0.0710485262544,0.0710643817613,0.0706045720622,0.0709533932132,0.0713814918985,0.072253544776,0.0736329738731,0.0745050267506,0.0752978020938,0.0771053298762,0.0783103483978,0.0802130092214,0.0820205370038,0.0835902321833,0.0847952507049,0.0860161247334,0.0855880260481,0.0866820560216,0.0873479873099,0.0870784436932,0.0881724736668,0.0881090516393,0.0890920930648,0.0893933476953,0.0900909899972,0.0901385565178,0.0915496966287,0.0921046393689,0.0921046393689,0.0918668067659,0.0919619398071,0.0925010270405,0.0922949054512,0.0916606851767,0.09139114156,0.091739962711,0.0916923961904,0.0919302287934,0.0923900384924,0.0935792015072,0.0936743345483,0.0939280226582,0.0940548667131,0.0953233072621,0.0958623944955,0.0961795046327,0.0963222041945,0.0962112156465,0.0962904931808,0.0963380597014,0.0967027363592,0.0964173372357,0.0960209495641,0.0957831169612,0.0962746376739,0.0965124702769,0.0967185918661,0.0966393143318,0.096734447373,0.0966868808524,0.0968612914279,0.0970357020034,0.0978601883603,0.0984626976211,0.0979870324152,0.097543078223,0.0977809108259,0.0982724315387,0.0988273742789,0.0976857777848,0.0977650553191,0.0983199980593,0.097891899374,0.0974955117024,0.0977491998122,0.0977809108259,0.0988749407995,0.0989542183338,0.0983992755936,0.0998104157044,0.100254369897,0.100048248307,0.100603191048,0.101015434226,0.101475243925,0.102553418392,0.101681365514,0.101459388418,0.102236308255,0.102537562885,0.10215703072,0.102616840419,0.103092505625,0.103155927653,0.10296566157,0.103044939105,0.103457182283,0.103710870393,0.103932847489,0.104154824585,0.104170680092,0.104678056311,0.105137866011,0.105867219326,0.106564861628,0.107119804368,0.107976001739,0.109418852864,0.10883219911,0.10807113478,0.108705355055,0.109450563877,0.109815240535,0.110100639659,0.110734859933,0.110417749796,0.110084784152,0.110037217631,0.110893415002,0.112764364812,0.114032805361,0.114349915498,0.114619459115,0.115396378951,0.11641113139,0.117647860926,0.118741890899,0.119265122626,0.12045428564,0.12126291649,0.121072650408,0.121643448655,0.122547212546,0.122959455725,0.122483790519,0.123260710355,0.1231338663,0.123054588766,0.123498542958,0.123371698903,0.124338884822,0.123958352657,0.123752231068,0.124291318301,0.124830405535,0.123577820493,0.125274359727,0.12662207781,0.126653788824,0.127208731564,0.127050176496,0.127795385318,0.129174814415,0.128968692826,0.130522532499,0.132472759843,0.132266638254,0.132123938692,0.132552037377,0.132108083185,0.133281390693,0.134597397763,0.134946218913,0.134343709653,0.133170402145,0.133075269104,0.133313101707,0.134280287625,0.135580439188,0.137720932615,0.138640552013,0.139100361712,0.139306483301,0.140638345877,0.142826405825,0.143381348565,0.143460626099,0.143286215524,0.143952146812,0.143603325661,0.143714314209,0.143904580291,0.143682603195,0.145093743306,0.145046176785,0.145601119526,0.14674271602,0.147408647308,0.147678190925,0.149041764515,0.149818684351,0.150817581284,0.152529976025,0.152387276463,0.152450698491,0.154131382218,0.155288834219,0.156208453617,0.156509708248,0.157191495043,0.158031836906,0.159014878332,0.15937955499,0.161964002609,0.163327576199,0.163771530391,0.164136207049,0.16559491368,0.167291452915,0.168797726067,0.169368524314,0.170684531383,0.171620006288,