# R script for Peak Model
#  -- generated by MACS
p <- c(0.0254327982373,0.0308467107334,0.0358829084042,0.0399748190116,0.0445703493862,0.0438778722065,0.0452628265659,0.0455146364495,0.0452628265659,0.0461441611583,0.0462700661001,0.0449480642115,0.0434372049103,0.0440667296191,0.0431853950268,0.0449480642115,0.0445703493862,0.0450110166824,0.044696254328,0.0440667296191,0.0432483474976,0.0434372049103,0.0442555870318,0.0435001573812,0.0443814919736,0.0431224425559,0.0433112999685,0.0447592067989,0.0460182562166,0.0456405413912,0.0466477809254,0.0468995908089,0.0473402581051,0.0479068303431,0.047969782814,0.0482845451684,0.0475920679887,0.0464589235127,0.0460812086874,0.0470254957507,0.0469625432798,0.0465218759836,0.0455146364495,0.0460812086874,0.0461441611583,0.0463959710419,0.0467736858672,0.0455775889204,0.0453887315077,0.0452628265659,0.0455146364495,0.0455146364495,0.0460812086874,0.0450739691533,0.0453257790368,0.0450110166824,0.0446333018571,0.0451369216242,0.0453887315077,0.0445703493862,0.0440037771483,0.0437519672647,0.0433742524394,0.0448851117406,0.0443185395027,0.0445073969153,0.0446333018571,0.0451369216242,0.0453887315077,0.0453887315077,0.0447592067989,0.0460182562166,0.0467107333963,0.0465848284545,0.0465218759836,0.0455146364495,0.0456405413912,0.0450739691533,0.0446333018571,0.0442555870318,0.0448221592698,0.0441926345609,0.0443814919736,0.0438778722065,0.0436260623229,0.04412968209,0.0446333018571,0.0445073969153,0.0450739691533,0.0457034938621,0.0455146364495,0.0458923512748,0.0453257790368,0.0450739691533,0.0450739691533,0.0458293988039,0.0450739691533,0.0447592067989,0.0445073969153,0.0450110166824,0.0452628265659,0.0460812086874,0.0458923512748,0.0455146364495,0.0455146364495,0.0453257790368,0.0453257790368,0.0463959710419,0.0460182562166,0.0460812086874,0.0464589235127,0.0454516839786,0.045766446333,0.046333018571,0.0473402581051,0.0477179729304,0.0475920679887,0.0468995908089,0.0477809254013,0.0476550204596,0.0470254957507,0.0477179729304,0.0484104501102,0.0481586402266,0.047969782814,0.0467107333963,0.0465848284545,0.0473402581051,0.0464589235127,0.0459553037457,0.0462071136292,0.0448221592698,0.0449480642115,0.0460182562166,0.0451998740951,0.0453257790368,0.0463959710419,0.0463959710419,0.0467736858672,0.0470884482216,0.0475291155178,0.047969782814,0.0487252124646,0.0478438778722,0.0487252124646,0.0481586402266,0.0479068303431,0.0485363550519,0.0487881649355,0.049039974819,0.0485993075228,0.049039974819,0.0491658797608,0.0496694995279,0.0489770223481,0.0502990242367,0.0499842618823,0.0494806421152,0.0499213094114,0.0494806421152,0.0504249291785,0.0512433113,0.0497324519987,0.0492288322317,0.0498583569405,0.0499842618823,0.0496694995279,0.0492917847025,0.0491658797608,0.049039974819,0.0494806421152,0.049039974819,0.0486622599937,0.0487881649355,0.0492917847025,0.0489770223481,0.0488511174064,0.0494176896443,0.0491658797608,0.0494176896443,0.0480956877557,0.0479068303431,0.047969782814,0.0484104501102,0.0480956877557,0.0482215926975,0.0487252124646,0.047969782814,0.0475920679887,0.0491658797608,0.0504249291785,0.0511174063582,0.0519357884797,0.0515580736544,0.0508026440038,0.050676739062,0.0509915014164,0.0513062637709,0.0518728360088,0.0510544538873,0.0499842618823,0.0482845451684,0.0477179729304,0.0478438778722,0.0479068303431,0.0480327352849,0.0481586402266,0.0479068303431,0.0471514006925,0.0475291155178,0.0470884482216,0.0474661630469,0.049039974819,0.0485363550519,0.0482215926975,0.0484734025811,0.0486622599937,0.0484734025811,0.0489770223481,0.0484734025811,0.0489140698772,0.0499842618823,0.0485993075228,0.049039974819,0.0499213094114,0.0506137865911,0.0499842618823,0.0509915014164,0.0513692162417,0.0508655964747,0.0508655964747,0.0504249291785,0.0509285489455,0.0515580736544,0.0520616934215,0.0518098835379,0.0514321687126,0.0502360717658,0.0499842618823,0.0509915014164,0.0531318854265,0.0540761724898,0.0540132200189,0.0534466477809,0.0527541706012,0.0523764557759,0.0536984576645,0.0541391249607,0.0538243626062,0.0536984576645,0.0524394082468,0.0512433113,0.0514321687126,0.0511803588291,0.0519987409506,0.0513062637709,0.0504249291785,0.0506137865911,0.0504878816494,0.0511803588291,0.0515580736544,0.0514951211835,0.0506137865911,0.051746931067,0.0511174063582,0.0523764557759,0.0541391249607,0.0543909348442,0.0556499842619,0.0559647466163,0.055020459553,0.0557129367328,0.0568460812087,0.0562165564998,0.0569719861505,0.0574126534466,0.0565942713251,0.0577274158011,0.0562795089707,0.0547056971986,0.0552093169657,0.0550834120239,0.0545797922568,0.05338369531,0.0528171230721,0.0518098835379,0.0519357884797,0.0505508341202,0.0511803588291,0.0509285489455,0.0506137865911,0.0503619767076,0.0504249291785,0.051746931067,0.0530059804847,0.0530059804847,0.0545797922568,0.0562795089707,0.0570978910922,0.0569090336796,0.0623858986465,0.0706956248033,0.0808939250866,0.0887000314762,0.0969468051621,0.107333962858,0.11671388102,0.127352848599,0.137425243941,0.14944916588,0.154800125905,0.157884796978,0.15945860875,0.163235757003,0.165376141014,0.167705382436,0.169531004092,0.168964431854,0.169216241737,0.168020144791,0.170538243626,0.170727101039,0.171104815864,0.1686496695,0.167579477494,0.167516525024,0.165564998426,0.165564998426,0.167012905257,0.169468051621,0.168020144791,0.168209002203,0.168964431854,0.171860245515,0.172426817753,0.172804532578,0.172804532578,0.173434057287,0.17507082153,0.172993389991,0.174063581996,0.176329870947,0.175700346239,0.175889203651,0.176770538244,0.175448536355,0.174504249292,0.174315391879,0.172741580107,0.174567201763,0.174000629525,0.170475291155,0.17085300598,0.169153289267,0.166761095373,0.167831287378,0.170664148568,0.172678627636,0.171356625748,0.171860245515,0.173182247403,0.175637393768,0.175574441297,0.178029587661,0.181429021089,0.181051306264,0.178092540132,0.17582625118,0.176707585773,0.178029587661,0.175889203651,0.176896443185,0.176959395656,0.176078061064,0.177274158011,0.179036827195,0.179666351904,0.181806735914,0.181617878502,0.179792256846,0.18079949638,0.180673591438,0.180421781555,0.180295876613,0.178344350016,0.177714825307,0.180925401322,0.179792256846,0.178344350016,0.17935158955,0.179729304375,0.178218445074,0.178847969783,0.179792256846,0.180736543909,0.178596159899,0.176203966006,0.175574441297,0.175574441297,0.174944916588,0.17437834435,0.176896443185,0.175637393768,0.174252439408,0.174693106704,0.174881964117,0.176581680831,0.179036827195,0.181995593327,0.181240163676,0.181617878502,0.177148253069,0.176770538244,0.177337110482,0.17582625118,0.178218445074,0.179414542021,0.177148253069,0.173874724583,0.175763298709,0.175259678942,0.177274158011,0.179981114259,0.179162732137,0.180232924142,0.17865911237,0.176770538244,0.177148253069,0.179099779666,0.177714825307,0.17865911237,0.178847969783,0.178218445074,0.18149197356,0.180358829084,0.180610638968,0.182625118036,0.183380547686,0.18715769594,0.187031790998,0.186276361347,0.18722064841,0.188101983003,0.185017311929,0.18577274158,0.186339313818,0.183821214983,0.18363235757,0.182813975449,0.18646521876,0.186905886056,0.188101983003,0.186591123702,0.190179414542,0.191753226314,0.192823418319,0.195656279509,0.198174378344,0.19641170916,0.194586087504,0.1950267548,0.193893610324,0.196096946805,0.194837897387,0.194523135033,0.194711992446,0.19143846396,0.190368271955,0.190368271955,0.18860560277,0.190116462071,0.189361032421,0.187661315707,0.186591123702,0.18646521876,0.187850173119,0.190305319484,0.188794460183,0.189549889833,0.190871891722,0.191375511489,0.19433427762,0.193012275732,0.19427132515,0.193704752912,0.19288637079,0.193201133144,0.195089707271,0.196159899276,0.195593327038,0.194019515266,0.192823418319,0.195341517155,0.195971041863,0.197418948694,0.198929807995,0.198489140699,0.199559332704,0.198677998111,0.201825621656,0.201573811772,0.199937047529,0.200251809884,0.201007239534,0.199874095058,0.198363235757,0.197733711048,0.196348756689,0.198803903053,0.195593327038,0.19641170916,0.199496380233,0.198489140699,