# R script for Peak Model
#  -- generated by MACS
p <- c(0.0330537317132,0.0384273441482,0.0439413121319,0.0497460166093,0.0554203909343,0.0558514829767,0.0564129051714,0.056192346452,0.0562123972447,0.0568840987991,0.0572750892561,0.0579267400178,0.0582074511152,0.0583678574565,0.0585884161759,0.0586686193465,0.0583578320602,0.0584280098345,0.0581974257188,0.0579868923958,0.0575758511461,0.0573452670304,0.0573753432194,0.0569542765734,0.0569843527624,0.0567938702321,0.0566835908724,0.0563527527934,0.0560820670924,0.0557913305987,0.0559918385254,0.055921660751,0.0556309242573,0.05595173694,0.055590822672,0.0555807972757,0.0562324480374,0.0563026258117,0.0568239464211,0.0574555463901,0.0573352416341,0.0570344797441,0.0572550384634,0.0572851146524,0.0578264860545,0.0582575780968,0.0578365114508,0.0579467908105,0.0577763590728,0.0575658257498,0.0574755971828,0.0578966638288,0.0581172225482,0.0583778828528,0.0579066892251,0.0572450130671,0.0574956479755,0.0570044035551,0.0570144289514,0.0570545305368,0.0570946321221,0.0568239464211,0.0566334638907,0.0561422194704,0.0565432353237,0.0569843527624,0.0569342257807,0.0576560543168,0.0574054194084,0.0578064352618,0.0579768669995,0.0580971717555,0.0576360035241,0.0577964098655,0.0578665876398,0.0583077050785,0.0586786447429,0.0588490764805,0.0595107526386,0.0591899399559,0.0591197621816,0.0591398129742,0.0596711589799,0.0591097367852,0.0584580860235,0.0581472987372,0.0581071971518,0.0582174765115,0.0579267400178,0.0583678574565,0.0585984415722,0.0591498383706,0.0591398129742,0.0596009812056,0.0602025049856,0.0599518700773,0.0598917176993,0.0597313113579,0.0600822002296,0.0596811843763,0.0599518700773,0.0595107526386,0.0597613875469,0.0597513621506,0.0593904478826,0.0596110066019,0.0597212859616,0.0595909558093,0.0595308034313,0.0593804224862,0.0591097367852,0.0589593558402,0.0588791526695,0.0591999653522,0.0595709050166,0.0593804224862,0.0586485685539,0.0585783907795,0.0582275019078,0.0584781368162,0.0585683653832,0.0589192542549,0.0591097367852,0.0589994574256,0.0587387971209,0.0590896859926,0.0595909558093,0.0592801685229,0.0599919716626,0.0599618954736,0.060152378004,0.0601122764186,0.0599919716626,0.0600120224553,0.0597613875469,0.0597914637359,0.0599318192846,0.060302758949,0.0599518700773,0.0598215399249,0.0594104986752,0.0596310573946,0.0598315653213,0.0602927335526,0.0602927335526,0.060092225626,0.0602325811746,0.0608641811437,0.0608040287657,0.0610346128814,0.0608240795583,0.0603528859306,0.0599217938883,0.0594907018459,0.0597112605653,0.0599518700773,0.0600220478516,0.0599518700773,0.0597914637359,0.0595608796203,0.060302758949,0.0605934954427,0.0609544097107,0.0611849938264,0.0615759842834,0.0615358826981,0.0615659588871,0.0613052985824,0.0619168477587,0.0620973048928,0.0620672287038,0.0622577112341,0.0619669747404,0.0617163398321,0.0614857557164,0.0615158319054,0.0608942573327,0.060904282729,0.0611248414484,0.0614356287347,0.0612551716007,0.0613353747714,0.0622075842524,0.0623479398011,0.0624281429718,0.0624983207461,0.0632101238858,0.0634306826052,0.0630797937335,0.0630396921481,0.0632803016602,0.0633705302272,0.0628091080325,0.0627489556545,0.0635108857758,0.0637013683062,0.0637915968732,0.0639319524219,0.0636211651355,0.0636913429099,0.0638617746475,0.0638517492512,0.0638718000439,0.0643229428789,0.0636612667209,0.0634607587942,0.0635509873612,0.0632402000748,0.0634507333978,0.0630898191298,0.0629093619958,0.0626286508985,0.0627690064471,0.0626787778801,0.0630396921481,0.0632201492822,0.0629294127885,0.0630697683372,0.0631098699225,0.0637013683062,0.0636813175135,0.0641525111412,0.0641625365376,0.0642627905009,0.0637414698915,0.0639219270255,0.0646337301653,0.065134999982,0.0652051777563,0.0649946444333,0.0654257364756,0.0655660920243,0.065616219006,0.066217742786,0.0669395713221,0.0666187586394,0.065405685683,0.0650247206223,0.0656663459877,0.066007209463,0.0656563205913,0.0662277681824,0.066037285652,0.0654758634573,0.065706447573,0.0664784030907,0.0674107649498,0.0671902062304,0.0670699014744,0.0669596221147,0.0674408411388,0.0668894443404,0.0673105109864,0.0677917300105,0.0675310697058,0.0672303078158,0.0674408411388,0.0677516284251,0.0676613998581,0.0674007395534,0.0675611458948,0.0673706633644,0.0676413490655,0.0675210443094,0.0674308157424,0.0671200284561,0.0670999776634,0.0672704094011,0.0670398252854,0.0677716792178,0.0679621617481,0.0684634315648,0.0684032791868,0.0685436347355,0.0686539140952,0.0689546759852,0.0691050569302,0.0694559458019,0.0698669870516,0.070508612417,0.0703782822646,0.0704685108316,0.0706389425693,0.070628917173,0.0712805679347,0.0718018885441,0.0717417361661,0.0713006187274,0.071651507599,0.07162143141,0.0716815837881,0.0718419901294,0.0718419901294,0.0722630567754,0.0721928790011,0.0718520155257,0.0720725742451,0.0727743519885,0.0737768916219,0.0740576027192,0.0758621740593,0.0777870501555,0.0800327389343,0.0819977166157,0.0848048275892,0.0885443004218,0.0925043319738,0.0954417730996,0.0983290872438,0.101617417241,0.103682648886,0.10558747419,0.107301816963,0.10889585498,0.109828216839,0.110660324735,0.110038750162,0.110770604094,0.110540019979,0.110149029522,0.110199156503,0.109918445406,0.109647759705,0.1093870994,0.109096362907,0.108935956565,0.110329486656,0.110479867601,0.110840781869,0.111021239003,0.111071365984,0.111472381838,0.111873397691,0.11250499766,0.113266927781,0.113317054763,0.113206775403,0.112966165891,0.112775683361,0.113607791257,0.11359776586,0.113758172202,0.11389852775,0.113718070616,0.113958680129,0.114379746775,0.114239391226,0.114860965799,0.115251956256,0.115282032445,0.115953733999,0.115783302261,0.116013886377,0.116465029212,0.1162244197,0.115823403847,0.115833429243,0.115703099091,0.115532667353,0.115362235615,0.115422387993,0.115753226072,0.116053987962,0.115833429243,0.116364775249,0.116324673663,0.116324673663,0.117146756163,0.117527721223,0.117166806955,0.117116679974,0.11742746726,0.117397391071,0.11753774662,0.117116679974,0.117216933937,0.116615410157,0.116485080005,0.117036476803,0.117938762473,0.118339778326,0.118239524363,0.118760844972,0.119623029057,0.120114273478,0.12103660994,0.121918844818,0.122129378141,0.12185869244,0.12073584805,0.121417575001,0.121878743232,0.122039149574,0.12193889561,0.122079251159,0.121417575001,0.121758438476,0.121497778172,0.1222396575,0.123633187591,0.123081790792,0.123242197134,0.123111866981,0.122700825732,0.123091816189,0.124054254237,0.124344990731,0.124435219298,0.12374346695,0.123462755853,0.123583060609,0.12344270506,0.123111866981,0.123793593932,0.124114406615,0.124615676432,0.124224685975,0.124104381219,0.124906412925,0.125387631949,0.125778622406,0.126330019205,0.126791187436,0.126650831887,0.126440298564,0.126239790638,0.127492965179,0.127743600088,0.127091949326,0.12727240646,0.127392711216,0.127603244539,0.12858573338,0.12896669844,0.129097028593,0.129197282556,0.129367714294,0.130249949171,0.131513149109,0.131463022128,0.131693606243,0.131643479262,0.131282564994,0.131843987188,0.132104647493,0.132174825267,0.131563276091,0.131663530054,0.131362768164,0.131833961792,0.131583326884,0.132134723682,0.132425460176,0.132405409383,0.132265053834,0.13339792362,0.134260107705,0.13501201243,0.135382952094,0.134941834656,0.135042088619,0.135152367979,0.135473180661,0.135443104472,0.13621505999,0.135623561606,0.134921783863,0.134540818802,0.13501201243,0.135864171118,0.136275212368,0.135904272704,0.136305288557,0.136756431392,0.136475720295,0.136646152032,0.137297802794,0.137327878983,0.136896786941,0.137217599623,0.137789047214,0.13821011386,0.138561002732,0.138901866207,0.140024710597,0.1408367677,0.141227758157,0.142009739071,0.142811770778,0.143272939009,0.14373410724,0.144405808795,0.144897053215,0.144927129404,0.145508602392,0.145999846812,0.147674088,0.147904672115,0.148004926079,0.147934748304,0.148315713365,0.149197948242,0.149217999035,0.150170411687,0.149819522815,0.14936837998,0.148686653029,0.148967364127,0.14906761809,0.149749345041,0.150020030742,0.150130310102,