# R script for Peak Model
#  -- generated by MACS
p <- c(0.0345663394667,0.0398473079963,0.0451882875319,0.0512493991398,0.0574305327597,0.0565903786754,0.0577305877898,0.0573705217537,0.0559902686153,0.0564103456574,0.0564703566634,0.0567704116935,0.0570704667236,0.0579706318139,0.0568904337055,0.0580306428199,0.0571304777296,0.0575505547717,0.0571904887356,0.0574905437657,0.0579106208079,0.0591708519342,0.0595309179704,0.058390708856,0.0600110060185,0.0603110610486,0.0618713472051,0.061571292175,0.0624114462592,0.0624114462592,0.0629515453134,0.0628915343074,0.0630715673254,0.0639717324157,0.0627715122954,0.0622914242472,0.0613912591569,0.0605511050727,0.0604910940667,0.0608511601028,0.0595909289764,0.0590508299222,0.05833069785,0.0581506648319,0.0587507748921,0.0581506648319,0.0588107858981,0.0590508299222,0.0593508849523,0.0585707418741,0.0595909289764,0.05833069785,0.0595309179704,0.0597109509884,0.0601310280305,0.0603710720546,0.0600110060185,0.0598309730004,0.0601310280305,0.061511281169,0.061511281169,0.0623514352532,0.0620513802231,0.0608511601028,0.0598309730004,0.0604310830606,0.0606111160787,0.0622314132412,0.0618713472051,0.0620513802231,0.0623514352532,0.061511281169,0.0604910940667,0.0611512151329,0.0624114462592,0.0608511601028,0.061631303181,0.0619313582111,0.061571292175,0.0606711270847,0.0604310830606,0.061691314187,0.0627115012893,0.0625314682713,0.0632516003435,0.0638517104037,0.0624114462592,0.0621113912292,0.0624714572653,0.0624714572653,0.0633716223555,0.0627115012893,0.0632516003435,0.0634316333616,0.0622314132412,0.0625314682713,0.0631915893375,0.0619913692171,0.061631303181,0.0613912591569,0.0594709069643,0.0603110610486,0.0591708519342,0.058450719862,0.0581506648319,0.0580906538259,0.05833069785,0.0596509399824,0.0592308629403,0.0594709069643,0.0604910940667,0.0596509399824,0.0619913692171,0.061751325193,0.0618113361991,0.0622314132412,0.0613912591569,0.0614512701629,0.061751325193,0.061631303181,0.0624714572653,0.0627115012893,0.0609111711088,0.0622314132412,0.0619313582111,0.0630115563194,0.0637316883917,0.0627715122954,0.0633716223555,0.0632516003435,0.0624114462592,0.0625314682713,0.0636116663796,0.0630715673254,0.0651119415301,0.0640317434217,0.0636716773856,0.0642717874458,0.0645718424759,0.0646918644879,0.064931908512,0.0655920295782,0.0639117214097,0.0638517104037,0.0625914792773,0.0625914792773,0.0643317984518,0.0655320185722,0.0651119415301,0.0658920846083,0.0655320185722,0.064931908512,0.0665522056745,0.0669122717106,0.0679324588129,0.0694327339634,0.0688326239032,0.068112491831,0.0676924147889,0.0679324588129,0.0666722276866,0.068052480825,0.0684725578671,0.0686525908852,0.0667922496986,0.0654119965602,0.0645118314699,0.064871897506,0.0653519855542,0.064751875494,0.0666122166805,0.0658920846083,0.0654119965602,0.064931908512,0.0663121616504,0.0664321836625,0.0667922496986,0.0670322937227,0.0664921946685,0.0670322937227,0.0664321836625,0.0666722276866,0.0658320736023,0.0664321836625,0.0676324037829,0.0676324037829,0.0684125468611,0.0671523157347,0.0668522607046,0.0667322386926,0.0662521506444,0.0663721726565,0.0663121616504,0.0669722827167,0.0662521506444,0.0666722276866,0.0658320736023,0.0663121616504,0.0665522056745,0.0660121066204,0.0667322386926,0.0661921396384,0.0657120515903,0.0651719525361,0.0654720075662,0.0657720625963,0.0654119965602,0.0660121066204,0.0675723927768,0.0685325688731,0.0691926899393,0.0688326239032,0.0711130421319,0.0716531411861,0.0700328440236,0.071473108168,0.0721332292342,0.0717731631981,0.071413097162,0.0709330091139,0.0702728880477,0.0711130421319,0.0693727229574,0.0688926349092,0.0698528110055,0.0682925248491,0.0691926899393,0.0684125468611,0.0685325688731,0.0676324037829,0.0688326239032,0.0689526459153,0.0699728330176,0.0700328440236,0.0692527009454,0.0684125468611,0.0676924147889,0.0683525358551,0.0683525358551,0.0704529210657,0.0691326789333,0.0690126569213,0.0679324588129,0.0669722827167,0.0677524257949,0.0684125468611,0.0669722827167,0.0687126018912,0.0698528110055,0.0683525358551,0.0687726128972,0.0693727229574,0.0696127669815,0.071413097162,0.0705129320717,0.0718931852102,0.0738735484088,0.0727333392944,0.0719531962162,0.0738735484088,0.0756138675833,0.0750737685291,0.0759739336194,0.0758539116074,0.0765740436796,0.0765740436796,0.0762139776435,0.0763339996555,0.0759739336194,0.074713702493,0.0741135924329,0.0739935704208,0.0736335043847,0.0736935153907,0.074713702493,0.0739335594148,0.0742336144449,0.0744136474629,0.0754938455713,0.0762739886495,0.0758539116074,0.0765740436796,0.0770541317278,0.0773541867579,0.0775342197759,0.0771741537398,0.0768140877037,0.0774141977639,0.0771741537398,0.0773541867579,0.0768140877037,0.0760939556315,0.0760939556315,0.0742336144449,0.0732134273426,0.0742936254509,0.0748937355111,0.0753738235592,0.0757338895954,0.0750737685291,0.077954296818,0.0807148030949,0.0837753644018,0.0897764650037,0.0918768502143,0.0950574335333,0.0989581489245,0.101418600171,0.10489923852,0.108859964918,0.109760130008,0.111920526225,0.112340603267,0.112460625279,0.114921076525,0.115041098537,0.114440988477,0.113600834393,0.113120746345,0.113840878417,0.114020911435,0.114981087531,0.114921076525,0.11546117558,0.116241318658,0.118221681856,0.118521736887,0.119121846947,0.120022012037,0.120322067067,0.122902540326,0.121822342218,0.120742144109,0.121402265175,0.121162221151,0.119601934995,0.119781968013,0.122482463284,0.122482463284,0.121222232157,0.120082023043,0.120502100085,0.123562661392,0.120802155115,0.119301879965,0.120562111091,0.120142034049,0.119181857953,0.118341703868,0.119361890971,0.118641758899,0.118521736887,0.11786161582,0.119301879965,0.121762331212,0.119781968013,0.120622122097,0.119721957007,0.120862166121,0.120382078073,0.121222232157,0.124162771452,0.12404274944,0.124762881512,0.123982738434,0.124882903525,0.125362991573,0.125663046603,0.124402815476,0.126743244711,0.126503200687,0.123562661392,0.125483013585,0.123202595356,0.122782518314,0.122782518314,0.123322617368,0.123382628374,0.124222782458,0.121222232157,0.121222232157,0.121342254169,0.119301879965,0.120322067067,0.119962001031,0.120022012037,0.118641758899,0.120382078073,0.119241868959,0.120142034049,0.119601934995,0.118701769905,0.119001824935,0.120862166121,0.121762331212,0.122182408254,0.121762331212,0.119001824935,0.120562111091,0.121462276181,0.121102210145,0.122002375236,0.121042199139,0.121342254169,0.120682133103,0.120862166121,0.12194236423,0.12344263938,0.123502650386,0.124402815476,0.126143134651,0.127703420807,0.12812349785,0.127763431813,0.126923277729,0.126803255717,0.125723057609,0.123622672398,0.123922727428,0.123262606362,0.122362441272,0.120322067067,0.120382078073,0.119001824935,0.120682133103,0.119661946001,0.121282243163,0.122902540326,0.12344263938,0.122482463284,0.122182408254,0.122002375236,0.122782518314,0.122662496302,0.122662496302,0.123082573344,0.121822342218,0.12194236423,0.120262056061,0.120442089079,0.121762331212,0.12314258435,0.123202595356,0.124582848494,0.1246428595,0.125423002579,0.126683233705,0.127283343765,0.128663596904,0.129143684952,0.130463927084,0.131244070162,0.131184059156,0.129563761994,0.130403916078,0.12902366294,0.12842355288,0.129383728976,0.128063486843,0.127283343765,0.124162771452,0.122962551332,0.123262606362,0.125062936543,0.124942914531,0.126743244711,0.128003475837,0.128243519862,0.129863817024,0.130403916078,0.131904191229,0.132084224247,0.132504301289,0.132684334307,0.131964202235,0.132264257265,0.129143684952,0.129743795012,0.12842355288,0.128363541874,0.129803806018,0.129623773,0.12992382803,0.129983839036,0.129503750988,0.128243519862,0.130103861048,0.128603585898,0.128903640928,0.128483563886,0.126743244711,0.12812349785,0.126503200687,0.126083123645,0.127583398795,0.126863266723,0.126263156663,0.126383178675,0.127703420807,0.127943464831,0.128663596904,0.128303530868,0.130043850042,0.13082399312,0.130043850042,0.131484114187,0.133164422355,0.133344455373,0.132264257265,0.132084224247,0.131964202235,0.132264257265,