# R script for Peak Model
#  -- generated by MACS
p <- c(0.0286533955247,0.0333121677137,0.038152619041,0.0429022307992,0.0474571863378,0.0480411549966,0.0478854300209,0.04797626959,0.0481839028909,0.0482877195414,0.0479113841835,0.0479373383461,0.0479632925087,0.0477945904517,0.0481319945657,0.0479373383461,0.0479113841835,0.0478984071022,0.0479503154274,0.0474052780126,0.047846498777,0.0478075675331,0.0477686362891,0.0482358112162,0.0482487882975,0.0479632925087,0.0485861924114,0.0487159632245,0.0487419173871,0.0493518402085,0.0494297026964,0.0496113818347,0.0497800838916,0.0498449692982,0.0497671068103,0.0496762672412,0.0494037485338,0.0492610006394,0.0490533673385,0.0488846652815,0.048651077818,0.0485602382488,0.0484174903545,0.0480930633218,0.0477037508826,0.0477556592078,0.0477686362891,0.0478984071022,0.0480281779153,0.0486640548993,0.0489235965254,0.0491442069076,0.0489884819319,0.0489106194441,0.0492610006394,0.049455656859,0.0493907714524,0.0498709234608,0.0495464964281,0.048651077818,0.0486251236554,0.048651077818,0.0487289403058,0.0488068027937,0.048949550688,0.048949550688,0.0484304674358,0.0475480259069,0.0475999342322,0.0479892466713,0.0477816133704,0.0474701634191,0.047340392606,0.0468602405977,0.0473144384434,0.0472755071995,0.0477816133704,0.0479373383461,0.0481190174844,0.047846498777,0.0480022237527,0.048313673704,0.0485991694928,0.0492350464768,0.0487548944684,0.0489365736067,0.0490144360946,0.0491312298263,0.0494167256151,0.0497671068103,0.0497281755664,0.049585427672,0.0495075651842,0.0497671068103,0.0495335193468,0.049585427672,0.0493777943711,0.0497411526477,0.0495594735094,0.0494426797777,0.0493907714524,0.0491312298263,0.0490533673385,0.0485083299236,0.0487548944684,0.0485342840862,0.0490144360946,0.0488716882002,0.0488716882002,0.0486770319806,0.0486121465741,0.0489755048506,0.0488327569563,0.0490144360946,0.0489106194441,0.0486770319806,0.0479373383461,0.04797626959,0.0479113841835,0.0484174903545,0.0490144360946,0.0485991694928,0.0489625277693,0.0489365736067,0.0492610006394,0.0498190151356,0.0502472588187,0.0500785567617,0.0497411526477,0.0493129089646,0.0490274131759,0.0498190151356,0.0500006942738,0.0504029837944,0.0500785567617,0.0503380983878,0.0510907691036,0.0516487835998,0.0521938210146,0.0522716835025,0.0526999271856,0.0524533626408,0.0524922938847,0.0522197751773,0.0527518355108,0.0522976376651,0.0516487835998,0.0513373336484,0.0510518378597,0.0515579440306,0.051531989868,0.0514151961363,0.0512854253232,0.0518304627381,0.0514022190549,0.0512984024045,0.0516747377624,0.0515838981932,0.0521419126894,0.0517915314941,0.0514671044615,0.0516877148437,0.0514671044615,0.0510907691036,0.0513243565671,0.0517136690063,0.0515449669493,0.0513243565671,0.0512594711606,0.0511816086727,0.0517526002502,0.0520251189577,0.0525961105351,0.0530632854622,0.0532060333565,0.0532968729257,0.0532319875192,0.0536602312023,0.053777024934,0.0543220623489,0.0534136666575,0.0532449646005,0.0531800791939,0.0526480188604,0.0524144313969,0.0519083252259,0.0524014543155,0.0529854229743,0.0527129042669,0.0522197751773,0.0526090876165,0.0529075604865,0.053011377137,0.0535693916331,0.0535693916331,0.0535045062266,0.0529854229743,0.0523884772342,0.0525831334538,0.0529464917304,0.0531151937874,0.053011377137,0.0526220646978,0.0524403855595,0.0524403855595,0.0528816063239,0.0536342770397,0.0540365665602,0.0539587040723,0.0537380936901,0.0540235894789,0.0538289332593,0.0541403832106,0.0541403832106,0.0541793144545,0.0542701540237,0.053478552064,0.0533617583322,0.053777024934,0.0540365665602,0.0534655749827,0.053815956178,0.0540884748854,0.0539067957471,0.0543869477554,0.0540365665602,0.0541274061293,0.054114429048,0.0538938186658,0.0543869477554,0.0544777873246,0.0545686268937,0.0543739706741,0.0549060310077,0.0551006872273,0.0551006872273,0.0557625183739,0.0562037391383,0.0562426703823,0.0558663350244,0.056190762057,0.0559182433496,0.0557625183739,0.0557365642113,0.0551655726338,0.0555678621543,0.0551006872273,0.0548930539264,0.0548151914386,0.0547113747881,0.0553083205282,0.0551785497151,0.055386183016,0.0555029767478,0.0559441975122,0.0565930515775,0.0573976306185,0.0572548827242,0.0582281638222,0.0582281638222,0.0579167138708,0.0582930492287,0.0586693845866,0.0588121324809,0.0592403761641,0.0588510637249,0.0580724388465,0.0585915220987,0.0580724388465,0.0580983930091,0.0581892325782,0.0578648055456,0.0578777826269,0.0575922868381,0.0579167138708,0.0577480118138,0.0580335076026,0.0579815992773,0.0582411409035,0.0588510637249,0.0587472470744,0.0596945740098,0.0597724364976,0.0604731988882,0.060551061376,0.0609793050591,0.0618747236693,0.0625235777346,0.0628999130925,0.0628869360112,0.0633541109382,0.0633670880195,0.0638083087839,0.0640029650035,0.0641586899792,0.0650411315081,0.0649502919389,0.064911360695,0.0648983836137,0.0660663209313,0.0676105936067,0.0701021932176,0.0722434116331,0.0742159279917,0.0765388255456,0.0797441646283,0.0843640055734,0.0884388091036,0.0925006355526,0.0959784933427,0.099209786588,0.101454821654,0.103868558777,0.106905195803,0.109228093357,0.110006718235,0.109967786991,0.110707480626,0.110979999333,0.111914349187,0.112303661626,0.11223877622,0.112822744878,0.112407478277,0.112173890813,0.112005188756,0.112394501195,0.111719692967,0.112524272008,0.112057097081,0.11155099091,0.111226563878,0.110564732731,0.110642595219,0.110720457707,0.111265495122,0.112134959569,0.113069309423,0.112731905309,0.113302896887,0.113575415594,0.114107475928,0.114263200904,0.114691444587,0.114989917457,0.116041061043,0.11552197779,0.115625794441,0.115729611091,0.115989152717,0.117131135872,0.118052508645,0.119077698068,0.118688385629,0.118934950174,0.118234187783,0.11889601893,0.118973881418,0.119765483377,0.119609758402,0.119038766824,0.118934950174,0.119934185434,0.120829604045,0.121452503947,0.121984564281,0.12088151237,0.120777695719,0.120479222849,0.120505177012,0.121348687297,0.121167008159,0.120673879069,0.121231893565,0.121024260264,0.121893724712,0.123113570355,0.124216622266,0.124502118054,0.125241811689,0.125579215803,0.126098299055,0.126241046949,0.126215092787,0.125890665754,0.124969292981,0.124618911786,0.124086851453,0.125021201307,0.125631124128,0.12604639073,0.126526542738,0.126487611494,0.126072344892,0.127149442641,0.127824250869,0.128148677901,0.128862417373,0.129057073593,0.128304402877,0.128148677901,0.128174632064,0.130030354691,0.13061432335,0.130796002488,0.131055544114,0.132236458513,0.133261647936,0.133261647936,0.133806685351,0.133806685351,0.134637218555,0.133209739611,0.133222716692,0.133560120806,0.13439065401,0.134870806018,0.133962410327,0.134585310229,0.136090651661,0.136622711995,0.136259353718,0.136389124531,0.137193703572,0.137401336873,0.137699809743,0.13767385558,0.138076145101,0.137544084767,0.13707690984,0.136921184865,0.137154772328,0.137063932759,0.137531107686,0.138296755483,0.138387595052,0.138400572134,0.139036449118,0.139568509451,0.140424996817,0.140879194663,0.142644077721,0.144058579583,0.144902089868,0.145706668909,0.146615064601,0.147419643642,0.148016589382,0.149482999569,0.148808191341,0.149742541195,0.149794449521,0.150858570188,0.150624982724,0.152000553343,0.152195209562,0.153142536498,0.1537654364,0.154310473815,0.155283754913,0.155919631897,0.15673718802,0.157982987825,0.16021504581,0.159773825045,0.160500541598,0.160085274997,0.160669243655,0.161058556095,0.162148630924,0.163744811925,0.165860076178,0.166599769813,0.166664655219,0.168585263252,0.16935091105,0.170999000375,0.173438691661,0.174217316539,0.175528001751,0.176047085004,0.175229528881,0.175463116345,0.176721893232,0.176851664045,0.178681432509,0.179706621932,0.17899288246,0.180615017624,0.181925702835,0.18306768599,0.184261577471,0.18524783565,0.18594859804,0.187427985309,0.188582945546,0.189932562002,0.193449351036,0.195655454858,0.197705833704,0.200028731258,0.201975293454,0.203934832731,0.20620582196,0.209099711091,0.209891313051,0.212188256442,0.214524131077,0.215484435094,0.217366111883,0.21862488877,0.219234811592,