# R script for Peak Model
#  -- generated by MACS
p <- c(0.0327333425574,0.0380574404432,0.0435458623379,0.0498559042767,0.054687030136,0.0542597877131,0.0552128669643,0.0548842189466,0.0542269229113,0.0550156781537,0.0560344870084,0.055804433396,0.0563302702243,0.0549499485502,0.056231675819,0.0573819438807,0.056363135026,0.0562645406207,0.0576777270966,0.0562645406207,0.0550156781537,0.0553443261713,0.0555743797837,0.0565603238366,0.0556401093872,0.0551800021625,0.0546213005325,0.0547198949378,0.0536353564796,0.054555570929,0.0553443261713,0.0559358926031,0.0550814077572,0.0550814077572,0.0549499485502,0.0546541653343,0.055245731766,0.0548513541449,0.0550156781537,0.0548842189466,0.0549170837484,0.0543255173166,0.0539311396955,0.0538325452902,0.0547198949378,0.0541611933078,0.055114272559,0.0557387037925,0.0556072445854,0.0557387037925,0.0557715685943,0.0554757853784,0.0558372981978,0.056231675819,0.0559358926031,0.0567575126472,0.0564288646296,0.0559030278013,0.0556072445854,0.0556072445854,0.0565931886384,0.0565274590348,0.0567575126472,0.0562974054225,0.0566917830437,0.0569547014578,0.0562974054225,0.0559030278013,0.0560016222066,0.0552128669643,0.0542597877131,0.0552128669643,0.055114272559,0.054555570929,0.0548842189466,0.0547198949378,0.0547527597396,0.0553114613696,0.055804433396,0.0566917830437,0.0571190254666,0.0564945942331,0.0572176198719,0.0577105918984,0.0567575126472,0.0568561070525,0.0572176198719,0.0574148086825,0.0579735103125,0.0583350231319,0.058597941546,0.0587951303566,0.0585650767442,0.0589265895637,0.0599125336166,0.0606355592554,0.0601754520307,0.0606684240572,0.0610299368766,0.0598796688148,0.0587294007531,0.0596496152025,0.0595181559954,0.0599782632201,0.0583678879337,0.0581049695195,0.0590909135725,0.0584664823389,0.0576119974931,0.0577763215019,0.0582692935284,0.0568889718543,0.0576777270966,0.0577763215019,0.0584007527354,0.0585650767442,0.0585650767442,0.0594195615901,0.0599125336166,0.0609970720748,0.0618844217225,0.0632318785948,0.062508852956,0.0619172865242,0.0627717713701,0.0630346897842,0.063067554586,0.0631332841895,0.0631661489913,0.0624759881542,0.0619172865242,0.0606684240572,0.0612928552907,0.0606026944536,0.0608656128678,0.0602083168325,0.0598468040131,0.0591895079778,0.0589594543654,0.0595838855989,0.0606355592554,0.0614571792995,0.0607670184625,0.0614900441013,0.0614243144977,0.0618844217225,0.0622459345419,0.0639877690354,0.064184957846,0.0640863634407,0.063757715423,0.0638234450266,0.0638891746301,0.0644150114583,0.0640863634407,0.063199013793,0.0624431233524,0.0613257200925,0.0606684240572,0.0606026944536,0.0598139392113,0.0603397760395,0.0603726408413,0.0595181559954,0.0588279951584,0.0589265895637,0.0587951303566,0.0589265895637,0.059715344806,0.0601754520307,0.0604383704448,0.0590909135725,0.0597482096078,0.0603726408413,0.0606026944536,0.0607670184625,0.0607670184625,0.0603069112378,0.0606026944536,0.0596824800042,0.0605369648501,0.0613257200925,0.0609970720748,0.0607341536607,0.0612599904889,0.0617200977136,0.0624102585507,0.0630018249824,0.0624431233524,0.0631332841895,0.061950151326,0.0628375009736,0.0628703657754,0.0626074473613,0.0628046361719,0.0622130697401,0.061950151326,0.061522908903,0.0621144753348,0.0618844217225,0.0614571792995,0.0604383704448,0.0605698296519,0.0611613960836,0.0614900441013,0.061950151326,0.0618515569207,0.0621473401366,0.0617200977136,0.0619830161277,0.0628375009736,0.0622459345419,0.0616215033083,0.0614900441013,0.0612599904889,0.0616215033083,0.0610299368766,0.0617858273172,0.0621802049383,0.0622787993436,0.062508852956,0.0637248506213,0.0641192282424,0.0635933914142,0.0643821466565,0.0645793354671,0.065433820313,0.0644478762601,0.0641192282424,0.063626256216,0.0644478762601,0.0650065778901,0.0645793354671,0.0656310091236,0.0654009555112,0.0657953331324,0.0658610627359,0.065992521943,0.0661568459518,0.0669127363924,0.0653680907095,0.0639220394318,0.0652366315024,0.0649408482865,0.0649079834848,0.063757715423,0.0640206338371,0.0643821466565,0.0643821466565,0.0637905802248,0.0640206338371,0.0647765242777,0.0641192282424,0.0644807410618,0.0643821466565,0.0650723074936,0.0650723074936,0.0645793354671,0.0644807410618,0.0639220394318,0.0650394426918,0.0652694963042,0.0655324147183,0.0650394426918,0.0653680907095,0.0663211699607,0.0668798715906,0.0675043028242,0.0685559764806,0.0690489485071,0.0693775965247,0.0701663517671,0.0697391093442,0.0695090557318,0.0690818133089,0.0678986804453,0.0668141419871,0.0661897107536,0.0659596571412,0.0671756548065,0.0668798715906,0.0660911163483,0.0668798715906,0.0677343564365,0.0678329508418,0.0685559764806,0.0696405149389,0.0708893774059,0.0709551070094,0.0707579181989,0.0705278645865,0.07115229582,0.0709551070094,0.0712180254236,0.0716452678465,0.0718095918553,0.0715466734412,0.0725654822959,0.0727626711065,0.0736828855559,0.0744716407982,0.0753918552476,0.0760162864812,0.0766407177147,0.0775937969659,0.079664279477,0.0819319507988,0.0828521652482,0.0834108668782,0.083575190887,0.0836737852923,0.0833451372746,0.0850869717681,0.085251295777,0.0856456733981,0.085382754984,0.0854813493893,0.0838052444993,0.0844296757329,0.0857442678034,0.0877161559093,0.0889650183764,0.0885377759534,0.0899180976275,0.0901152864381,0.0894251256011,0.0891293423852,0.0913641489052,0.0928102001828,0.0933031722093,0.0933031722093,0.0932703074075,0.0936646850287,0.0928102001828,0.0924486873634,0.0944205754693,0.0955051139275,0.096129545161,0.0959323563504,0.0951764659098,0.0951107363063,0.0953736547204,0.0957680323416,0.0974441372316,0.098923053311,0.0991202421216,0.0979042444563,0.0974441372316,0.0967868411963,0.0975098668351,0.0972798132228,0.0978713796545,0.0975098668351,0.0968197059981,0.0959652211522,0.0941576570551,0.0948478178922,0.0943877106675,0.0950450067028,0.0948478178922,0.0950778715045,0.0942891162622,0.0945848994781,0.0951764659098,0.0958994915487,0.0969183004033,0.0965567875839,0.0958994915487,0.0950450067028,0.093763279434,0.0935989554251,0.093894738641,0.092777335381,0.0916927969228,0.0919228505352,0.0919228505352,0.0913641489052,0.0925472817687,0.0935660906234,0.0946834938834,0.0955051139275,0.0958008971434,0.0972798132228,0.0987587293022,0.0979042444563,0.0976741908439,0.0995803493463,0.0994488901392,0.0991531069233,0.099481754941,0.099481754941,0.100796347012,0.10076348221,0.100106186175,0.100500563796,0.101289319038,0.101552237452,0.102012344677,0.103031153532,0.104707258422,0.104247151197,0.103524125558,0.104575799214,0.105035906439,0.104937312034,0.104542934413,0.104214286395,0.105068771241,0.105265960052,0.104181421593,0.104970176836,0.10467439362,0.103622719963,0.104641528818,0.105594608069,0.106514822519,0.106613416924,0.10579179688,0.10523309525,0.105364554457,0.106054715294,0.106843470536,0.106712011329,0.106514822519,0.107533631373,0.107369307364,0.109045412254,0.10970270829,0.111477407585,0.111871785206,0.11193751481,0.112759134854,0.114007997321,0.114698158158,0.114040862123,0.116242803841,0.116834370273,0.116834370273,0.116932964678,0.117064423885,0.118379015956,0.118214691947,0.118576204766,0.118510475163,0.11975933763,0.120055120846,0.120022256044,0.121336848114,0.121139659304,0.121731225736,0.121764090537,0.122684304987,0.123407330625,0.123768843445,0.12367024904,0.123407330625,0.122059873753,0.12255284578,0.12367024904,0.123604519436,0.12255284578,0.122257062564,0.12219133296,0.12163263133,0.12087674089,0.120482363268,0.121796955339,0.121698360934,0.120482363268,0.120613822476,0.12143544252,0.122947223401,0.122815764194,0.124689057894,0.125247759524,0.125773596353,0.124590463489,0.124656193093,0.125444948335,0.126365162784,0.126135109172,0.126496621991,0.128238456485,0.128304186088,0.128435645295,0.127909808467,0.128830022917,0.129881696573,0.130144614987,0.129585913357,0.130341803798,0.129487318952,0.128731428511,0.12813986208,0.12945445415,0.130308938996,0.132478015912,0.132445151111,0.133036717542,0.135501577675,0.136388927322,0.136421792124,0.138360815428,0.139576813094,0.140661351552,0.142501780451,0.142337456442,