# R script for Peak Model
#  -- generated by MACS
p <- c(0.0235318370197,0.027463674682,0.0314631568632,0.0353358055714,0.0391915431499,0.0392507321039,0.0390647096769,0.0390900763715,0.0392760987985,0.0389547873337,0.0389125095093,0.0387180315174,0.0388448649904,0.0390393429823,0.0391999987148,0.0392338209742,0.0397918882553,0.0397157881715,0.0392591876688,0.0391069875012,0.0392591876688,0.0394282989661,0.0393775655769,0.0393944767067,0.0390985319364,0.0389294206391,0.0387095759526,0.0388364094256,0.0390816208066,0.039495943485,0.0395297657445,0.0395382213094,0.0393860211418,0.0393860211418,0.0395043990499,0.0395297657445,0.0393268321877,0.0395551324391,0.0397749771256,0.0398426216445,0.0398510772094,0.039935632858,0.0399440884229,0.0398510772094,0.0400455552013,0.0400878330256,0.040561344658,0.0402062109337,0.0400286440715,0.0400878330256,0.0399018105986,0.0398848994688,0.0397580659959,0.0398510772094,0.0401131997202,0.0399271772932,0.0395551324391,0.0396819659121,0.0399694551175,0.040189299804,0.0404006889256,0.0404514223148,0.0407050892607,0.0407135448256,0.0404514223148,0.0406543558716,0.0405359779634,0.0405528890932,0.0405106112688,0.0408065560391,0.0407727337797,0.0407389115202,0.0406797225662,0.0407811893445,0.0410602229851,0.0412039675878,0.0417958571283,0.0424046577986,0.0422862798905,0.0420410685094,0.0421425352878,0.0423623799743,0.0423116465851,0.042134079723,0.0418212238229,0.0417874015635,0.0415844680067,0.0414238122743,0.0414999123581,0.0413392566256,0.0416098347013,0.0416521125256,0.0420410685094,0.0422862798905,0.0427090581338,0.0426498691797,0.0422778243257,0.0424553911878,0.0424215689284,0.0425399468365,0.0423623799743,0.0427428803932,0.0428781694311,0.0430050029041,0.0430219140338,0.0428950805608,0.0436053480095,0.0434446922771,0.0436729925284,0.043825192696,0.04388438165,0.0435546146203,0.043512336796,0.0433516810635,0.0432755809797,0.0436645369635,0.0430980141176,0.0429542695149,0.0426245024851,0.0425314912716,0.0427175136986,0.0427344248284,0.04263295805,0.0428528027365,0.0425568579662,0.042759791523,0.0429711806446,0.0433347699338,0.0435292479257,0.0436138035744,0.0433601366284,0.0434700589716,0.0439097483446,0.0440281262527,0.0443832599771,0.0444001711068,0.0445016378852,0.0443156154582,0.0445608268392,0.0449582383879,0.0450850718609,0.0449751495176,0.044636926923,0.0447214825717,0.0447383937014,0.0442056931149,0.0447553048311,0.0449413272582,0.0452119053339,0.0447299381366,0.0449328716933,0.0452119053339,0.0455924057528,0.0453133721122,0.045643139142,0.0459306283474,0.0458037948744,0.0455924057528,0.0451442608149,0.0451527163798,0.0452710942879,0.0451273496852,0.0453725610663,0.0456685058366,0.0457276947906,0.0460997396447,0.045829161569,0.0463872288501,0.0466239846663,0.0465986179717,0.0468438293528,0.0473427076799,0.0468776516123,0.0471397741231,0.0469791183907,0.046835373788,0.0471059518637,0.0467761848339,0.0466408957961,0.0469452961312,0.0466662624907,0.0467339070096,0.0470129406501,0.0466239846663,0.0466662624907,0.0470636740393,0.0468522849177,0.0468861071772,0.0473765299393,0.0474695411529,0.0475794634961,0.0472243297718,0.0470467629096,0.047334252115,0.0470636740393,0.0471313185582,0.0475710079312,0.0479853306096,0.0479092305258,0.0480698862583,0.0484081088529,0.0483235532042,0.0485772201502,0.0488985316151,0.0487970648367,0.0483742865934,0.0481628974718,0.0477908526177,0.0475033634123,0.0474188077637,0.0474949078474,0.0472412409015,0.0471735963826,0.0469452961312,0.0478415860069,0.0481628974718,0.0482559086853,0.0485603090205,0.0489746316988,0.0490591873475,0.0495411545448,0.050090766261,0.050344433207,0.0503867110313,0.0498793771394,0.0502598775583,0.0507164780611,0.0501668663448,0.0504543555502,0.0505896445881,0.0502260552989,0.0503528887719,0.0506488335421,0.0507756670151,0.0511646229989,0.0507333891908,0.0505220000692,0.0509025004881,0.0507249336259,0.0510631562205,0.0513168231665,0.0514182899449,0.0508855893584,0.0508602226638,0.050910956053,0.0514436566395,0.0516973235854,0.0523399465152,0.0527627247584,0.0524667799881,0.0522046574773,0.0521708352179,0.0528303692773,0.0529402916206,0.0532954253449,0.0534645366422,0.0531178584828,0.0529910250098,0.0533123364747,0.0537773925422,0.0539042260152,0.0546398601585,0.0544369266017,0.0551641051801,0.0552740275234,0.0551133717909,0.055739083591,0.0558236392396,0.0557137168964,0.0555361500342,0.0559081948883,0.0557559947207,0.0555530611639,0.0549780827531,0.0549358049288,0.0553416720423,0.0552486608288,0.0553247609126,0.0551302829207,0.0550795495315,0.0551894718747,0.0551387384855,0.056051939491,0.0566691957261,0.0566691957261,0.0570243294505,0.0573371853505,0.0576838635099,0.0585632422559,0.0594764432613,0.0596793768181,0.0599330437641,0.0601190661911,0.0600345105424,0.0602543552289,0.0598484881154,0.0598146658559,0.0598146658559,0.0594595321316,0.0598992215046,0.0607363224262,0.0609477115479,0.0609477115479,0.0615987900425,0.0628417580777,0.0636112144804,0.0645497821804,0.0657335612615,0.0665875733129,0.0664100064508,0.0664184620156,0.0671963739832,0.0675515077075,0.0677037078751,0.0676191522265,0.067898185867,0.0680081082103,0.0679066414319,0.0681180305535,0.0687691090481,0.0689382203454,0.0692595318103,0.0696907656184,0.0702319217698,0.070155821686,0.0706716111428,0.0708914558293,0.0713903341563,0.0716101788428,0.0714833453698,0.0715425343239,0.072227435078,0.0726755800158,0.0729630692212,0.0733435696402,0.0738170812726,0.0741214816078,0.0744427930726,0.0748486601862,0.0755420165051,0.0761677283051,0.0760831726565,0.0762607395186,0.0767342511511,0.0773092295619,0.0777235522403,0.0776389965916,0.0777066411106,0.0776728188511,0.0779433969268,0.0783238973457,0.07836617517,0.0783408084755,0.0789242424511,0.0793977540836,0.0797021544187,0.0802771328296,0.0808267445458,0.081503189735,0.0818414123296,0.0824248463053,0.0832788583567,0.0837270032945,0.0837692811189,0.0836170809513,0.0843104372702,0.0852320938405,0.0855449497405,0.0855364941757,0.0859761835487,0.0862213949298,0.0859085390297,0.0866610843027,0.0867963733406,0.0873713517514,0.0871430515001,0.087650385392,0.0883775639704,0.0889102645569,0.0889356312515,0.0895951653109,0.0903307994542,0.0907535776975,0.0909987890786,0.0921064680759,0.0929604801273,0.0932817915921,0.0935692807976,0.0943979261543,0.0955056051517,0.0953534049841,0.0958776500057,0.0966048285841,0.0972728182085,0.0967908510112,0.097238995949,0.0981860192139,0.098617253022,0.0988286421437,0.0993190649058,0.100054699049,0.100764966498,0.101120100222,0.101788089846,0.102396890517,0.102422257211,0.102261601479,0.102498357295,0.10283657989,0.102988780057,0.103986536711,0.104789815374,0.105626916295,0.10660776182,0.107698529687,0.10845107496,0.108899219898,0.109643309606,0.11098774442,0.111782567517,0.112298356974,0.112526657225,0.113389124841,0.113651247352,0.114141670114,0.114970315471,0.11632320585,0.117498529366,0.117811385266,0.118986708782,0.119646242842,0.120466432634,0.120584810542,0.121066777739,0.121853145271,0.121700945104,0.121903878661,0.123129935566,0.124711126196,0.12510008218,0.125666605026,0.126537528207,0.127653662769,0.128871264109,0.130181876664,0.132177389972,0.133141324366,0.133479546961,0.134198269975,0.135432782445,0.13636289458,0.137724240523,0.138958752994,0.140565310318,0.141343222286,0.143110435342,0.144235025469,0.145055215261,0.145579460283,0.146974628486,0.148327518864,0.148970141794,0.149164619786,0.148953230664,0.15017928757,0.150669710332,0.152276267656,0.153240202051,0.153984291759,0.154584636864,0.155514749,0.156808450424,0.158880063816,0.160638821308,0.16112924407,0.161974800556,0.162735801394,0.163868847086,0.164756681397,0.164621392359,0.16582208257,0.166667639057,0.167411728765,0.167826051443,0.16961017563,0.171013799397,0.171749433541,0.172493523249,0.174818803587,0.177423117565,0.178006551541,0.1786660856,0.180171176146,0.181921478073,0.182741667865,0.183993091465,0.185413626363,0.187214661679,0.18775581783,0.188457629714,0.190808276747,0.192888345703,0.194080580349,0.195805515582,0.197259872739,0.198604307552,