# R script for Peak Model
#  -- generated by MACS
p <- c(0.0273617110972,0.0320588327614,0.0364822814629,0.0411626476396,0.0455470002036,0.0454464672786,0.0459993983663,0.0462060493789,0.0462172197039,0.0463736042539,0.0460831758038,0.0458709396287,0.0459770577163,0.0457257254037,0.0454576376036,0.0455749260161,0.045284497566,0.0452565717535,0.045228645941,0.045217475616,0.0450890168785,0.0450555059035,0.0448153439159,0.0447985884284,0.0454241266286,0.045195134966,0.045061091066,0.0452900827285,0.0453794453286,0.045206305291,0.0454073711411,0.0455134892286,0.0454967337411,0.0452565717535,0.0450219949284,0.0453682750036,0.0453124233786,0.0449549729784,0.0448320994034,0.0445751819283,0.0441842205532,0.0441507095781,0.0445640116033,0.0450164097659,0.0450666762285,0.0448935361909,0.0450778465535,0.0454911485786,0.0458262583287,0.0458318434912,0.0462619010039,0.0462451455164,0.0462451455164,0.0462842416539,0.0462451455164,0.0464071152289,0.0462842416539,0.0460440796663,0.0459603022288,0.0461948790539,0.0460943461288,0.0463233377914,0.0462730713289,0.0462395603539,0.0462954119789,0.0460831758038,0.0461669532414,0.0464294558789,0.0463624339289,0.0462898268164,0.0460496648288,0.0459100357663,0.0459435467413,0.0459603022288,0.0460384945038,0.0459714725538,0.0461278571038,0.0461278571038,0.0459267912538,0.0457759918662,0.0460384945038,0.0462842416539,0.0463959449039,0.0462674861664,0.0462507306789,0.0464294558789,0.0462842416539,0.0460943461288,0.0462842416539,0.046529988804,0.0467422249791,0.0467478101416,0.046675203029,0.0469488759916,0.0469712166416,0.0470661644042,0.0473286670418,0.0476917026044,0.047864842642,0.0483228259671,0.0484568698672,0.0482167078796,0.0482055375546,0.048110589792,0.048077078817,0.0481887820671,0.0479597904045,0.0475799993544,0.0474515406168,0.0472672302542,0.0469153650166,0.0470494089167,0.0475799993544,0.0476023400044,0.0482167078796,0.0482613891796,0.0485574027922,0.0485964989297,0.0484345292172,0.0481776117421,0.0482949001546,0.0484401143797,0.0481831969046,0.0480268123545,0.047887183292,0.0477252135794,0.0475688290294,0.0477698948794,0.048021227192,0.0487361279923,0.0490656525799,0.0488925125423,0.0490600674174,0.04953480623,0.0495515617176,0.0497805533801,0.0498419901677,0.0500207153677,0.0501938554053,0.0499704489052,0.0498475753302,0.0500598115052,0.0496241688301,0.0496129985051,0.0492443777799,0.0490768229049,0.049367251355,0.0489707048173,0.0489651196548,0.0488422460798,0.0485629879547,0.0485127214922,0.0485015511672,0.0484568698672,0.0487752241298,0.0490153861174,0.0486579357172,0.0489092680298,0.0489874603049,0.0489762899798,0.049277888755,0.0497861385426,0.0502273663803,0.0505177948304,0.0505568909679,0.0506853497055,0.0508752452305,0.0510707259181,0.050936682018,0.0508640749055,0.050836149093,0.0505401354804,0.0508305639305,0.0507523716555,0.0503837509303,0.0503446547928,0.0505066245054,0.0505010393429,0.0508975858805,0.0512103549806,0.0515454647308,0.0518191376934,0.0519196706184,0.0518861596434,0.0524335055686,0.0525731346311,0.0529585108438,0.0531651618563,0.0531539915313,0.0534667606314,0.0533494722189,0.0533885683564,0.0532265986439,0.0532377689689,0.0535226122565,0.0538186258691,0.0539861807441,0.0540420323691,0.0540141065566,0.0536119748565,0.0538074555441,0.053673411644,0.053762774244,0.0536678264815,0.0534109090064,0.0530590437688,0.0527574449937,0.0526234010936,0.0528914888937,0.0531204805563,0.0532824502689,0.0530031921438,0.0526401565811,0.0531875025063,0.053740433594,0.0540420323691,0.0539526697691,0.0542654388692,0.0541984169192,0.0541481504567,0.0542040020817,0.0550585319445,0.0553936416946,0.0553322049071,0.055064117107,0.0552260868196,0.0554103971821,0.0555947075447,0.0557846030698,0.0560750315199,0.0561643941199,0.0560024244073,0.0558460398573,0.0560359353824,0.0560471057074,0.0559018914823,0.0562872676949,0.0564492374075,0.0565050890325,0.05654418517,0.0566893993951,0.0567340806951,0.0573596188953,0.0571082865827,0.0572479156453,0.0574266408453,0.0573205227578,0.0569909981702,0.0572032343453,0.0574880776329,0.0574322260078,0.0575104182829,0.0574992479579,0.057923720308,0.0579963274205,0.0583817036332,0.0588005908208,0.0591077747584,0.0590072418334,0.0590798489459,0.0590519231334,0.0590854341084,0.0595601729211,0.0594875658086,0.0596495355211,0.059414958696,0.0589849011834,0.0590519231334,0.0593311812585,0.0595880987336,0.0597444832837,0.0599343788087,0.0596495355211,0.0599232084837,0.0598282607212,0.0602359775838,0.0606101834715,0.0612022106967,0.0611407739092,0.0613139139467,0.0616601940218,0.0618389192219,0.0619394521469,0.062006474097,0.0623583393346,0.0623024877096,0.0625538200222,0.0621796141345,0.0621796141345,0.0623304135221,0.0626766935972,0.0630788252973,0.0630397291598,0.0630732401348,0.0633636685849,0.06355356411,0.0639612809727,0.0646035746604,0.0650671431481,0.0650950689606,0.0655362967982,0.0658658213858,0.0673123784738,0.0684685071118,0.0695687841246,0.0706914017875,0.0715068355128,0.0722161511506,0.0733834501135,0.0743831942014,0.0751930427641,0.0756342706018,0.0755058118642,0.0759302842144,0.0758800177519,0.076315660427,0.0765390669271,0.0767568882647,0.0771590199648,0.07750530004,0.0776784400775,0.0782034453527,0.0785944067278,0.0786670138404,0.0786614286779,0.0785608957528,0.0789909532655,0.0789574422905,0.0788401538779,0.0788569093654,0.0790356345655,0.0793819146406,0.0799627715408,0.0799069199158,0.0802978812909,0.0806553316911,0.0806776723411,0.0811803369663,0.0812976253788,0.081979015204,0.081967844879,0.081967844879,0.0822471030041,0.0827609379543,0.0836769046046,0.0835987123296,0.0839114814297,0.0842465911798,0.08478276678,0.0847325003175,0.0857434147304,0.0861902277305,0.0859891618805,0.0860896948055,0.0857713405429,0.0863410271181,0.0865085819931,0.0868716175558,0.0877149770936,0.0880668423312,0.0878601913186,0.0883014191563,0.088910201869,0.0892899929191,0.0894296219817,0.0898876053068,0.0900886711569,0.0906192615946,0.0902841518445,0.0903623441195,0.0906918687071,0.0908985197197,0.0912001184948,0.091847997345,0.0921160851451,0.0920714038451,0.0924958761953,0.0924456097327,0.0927472085079,0.0930041259829,0.093272213783,0.0934676944706,0.0936631751582,0.0937190267832,0.0943222243334,0.0949980289962,0.0952102651712,0.0956012265464,0.095930751134,0.0963608086466,0.0967629403468,0.097265604972,0.0976453960221,0.0983826374724,0.0991310492476,0.0995499364353,0.0996113732228,0.100465903086,0.101063515473,0.101990652449,0.102107940861,0.102415124799,0.102794915849,0.103615934737,0.103537742462,0.104023651599,0.104922862762,0.104889351787,0.105202120887,0.1052300467,0.10587792555,0.10628005725,0.106888839963,0.106330323713,0.107190438738,0.107843902751,0.108201353151,0.108514122251,0.109229023051,0.110463343964,0.110815209202,0.11163622809,0.111988093327,0.112814697377,0.113350872978,0.113295021353,0.113842367278,0.114618704866,0.114417639016,0.114590779053,0.114976155266,0.115260998553,0.115618448953,0.115847440616,0.116188135529,0.116819258891,0.117310753192,0.117986557854,0.11980732083,0.120259718993,0.121209196618,0.121890586443,0.122577561431,0.123878904294,0.124247525019,0.125141151019,0.12590073312,0.126610048757,0.126520686157,0.12679435912,0.127738251583,0.127995169058,0.129486407446,0.129938805609,0.131005571646,0.131497065947,0.131938293784,0.132669950072,0.133328999247,0.134546564673,0.13509949576,0.135998706923,0.136372912811,0.137260953649,0.138104313186,0.139450337349,0.140517103387,0.140958331225,0.141745839138,0.142483080588,0.143119789113,0.144460228114,0.145342683789,0.145901200039,0.14683950734,0.147627015252,0.149017720715,0.150397255853,0.151503118029,0.151927590379,0.153647820429,0.154016441155,0.154535861267,0.155820448643,0.156736415293,0.157590945156,0.158356112419,0.159154790656,0.160523155469,0.162215459707,0.16262317657,0.163896593621,0.165264958434,0.166091562484,0.167208594984,0.168219509397,0.169241594135,0.169850376848,0.170140805298,0.171151719711,0.171838694698,0.172313433511,0.173329933086,0.174167707462,0.175290325125,0.17637384665,