# R script for Peak Model
#  -- generated by MACS
p <- c(0.0260419884894,0.0304529799585,0.0346655219137,0.038882574085,0.0432214020945,0.0432574838243,0.0434739742032,0.0435145661492,0.0432574838243,0.0432078714458,0.0433792596624,0.0434288720409,0.0432259123108,0.0432529736081,0.0433206268515,0.0431762999323,0.0432214020945,0.0428335234991,0.0429417686885,0.0430139321481,0.0428650950127,0.0427433191746,0.0429823606345,0.0431627692836,0.0428786256613,0.0431537488511,0.0429462789047,0.0434604435545,0.0436183011224,0.0434784844194,0.0433657290138,0.0432484633919,0.0433431779326,0.0434559333383,0.0438393017175,0.0436137909062,0.0437400769605,0.0435641785277,0.0435686887439,0.043690464582,0.043789689339,0.0441414862046,0.044127955556,0.044028730799,0.0439340162582,0.044127955556,0.0441324657722,0.0442903233401,0.0444030787458,0.0443940583133,0.0445248545839,0.0444707319892,0.0446285895571,0.0447142836654,0.0446782019356,0.0447548756114,0.0447729164763,0.0446105486922,0.0444707319892,0.0445519158812,0.0445203443676,0.0445744669624,0.0445699567461,0.0442632620428,0.0443895480971,0.0444211196107,0.0448992025306,0.0449713659902,0.0447638960438,0.0449894068551,0.044926263828,0.0447323245303,0.0447097734491,0.0447999777737,0.0446917325842,0.0447187938816,0.0442858131239,0.0441640372858,0.0442813029077,0.0440152001503,0.0441189351235,0.0442722824752,0.0444932830703,0.0446917325842,0.0448180186386,0.0449082229631,0.044867631017,0.0450164681525,0.0449623455578,0.0449578353416,0.0450209783687,0.0447954675574,0.0445699567461,0.0444887728541,0.0442452211778,0.0445428954488,0.0446691815031,0.0445744669624,0.0447774266925,0.0449443046929,0.0449984272876,0.0452555096125,0.0451607950717,0.0453412037208,0.045823796857,0.0455216123698,0.0455667145321,0.0457561436136,0.0458869398841,0.0458959603166,0.046103430263,0.0462206958849,0.0462252061011,0.0462793286958,0.0462206958849,0.0460898996143,0.0460493076683,0.0460132259385,0.0458869398841,0.0458824296679,0.0456073064781,0.0455892656132,0.0460493076683,0.0460177361547,0.0459500829113,0.0459275318302,0.0458283070732,0.0459996952898,0.0461395119928,0.0460132259385,0.0461755937226,0.046342471723,0.0459726339924,0.0459816544249,0.0459230216139,0.0460763689656,0.0460538178845,0.0462477571822,0.0463740432366,0.0463920841015,0.0463289410743,0.0463334512905,0.0464642475611,0.0464146351826,0.046423655615,0.0465544518856,0.0470144939407,0.0466175949128,0.0467709422645,0.0471092084814,0.0472670660493,0.0472264741033,0.047519638158,0.047700046807,0.0478488839425,0.0479751699968,0.0481871501594,0.0484758039979,0.0480157619428,0.0480834151862,0.0482097012406,0.0484036405383,0.0483901098896,0.0486652330794,0.048597579836,0.0484442324843,0.0481961705919,0.0482593136191,0.0484487427006,0.0483765792409,0.0481645990783,0.0479165371859,0.0476910263746,0.0475827811851,0.0479165371859,0.0482412727542,0.048358538376,0.0483901098896,0.0485705185387,0.048218721673,0.0483314770787,0.0487644578364,0.0489629073503,0.0491839079454,0.0489629073503,0.0489538869179,0.0487238658903,0.0487644578364,0.0488546621609,0.049395888108,0.049693562379,0.0494500107027,0.0493327450809,0.0491072342696,0.0492064590265,0.0491974385941,0.0493011735673,0.0492425407563,0.0494139289729,0.0490982138371,0.0491297853507,0.0492741122699,0.0498378892982,0.0499596651363,0.0500408490284,0.0501175227042,0.0506271771378,0.0505820749755,0.050573054543,0.0510240761656,0.05115036222,0.0510060353007,0.0506632588676,0.0508391573004,0.0507218916785,0.0508842594626,0.0505054012996,0.0507218916785,0.0512135052471,0.0511774235173,0.0511413417875,0.0512721380581,0.0515111795181,0.0513488117339,0.0518178742214,0.0519261194109,0.0524042023308,0.0524538147093,0.0520433850327,0.0522237936818,0.0524222431957,0.0525259781689,0.0524763657904,0.0526838357368,0.0528687546021,0.0529183669806,0.0523545899523,0.0524402840606,0.0526522642233,0.0527785502776,0.0528371830885,0.0529093465481,0.0534911644413,0.0538429613069,0.0540459210371,0.0542127990375,0.0546728410925,0.0547991271469,0.0547765760657,0.0547089228224,0.0546277389303,0.0548758008227,0.0544247792001,0.0543841872541,0.0541992683888,0.0542308399024,0.0547495147684,0.0549163927688,0.0554350676348,0.0556831295272,0.056057477474,0.0563010291502,0.0569730513678,0.0573519095308,0.0575999714233,0.057753318775,0.0573473993146,0.0578660741806,0.0577082166127,0.0576721348829,0.0579562785051,0.0583261162357,0.05797431937,0.0580239317485,0.0580419726134,0.0581502178029,0.0582990549383,0.0581411973704,0.0583847490466,0.0585155453172,0.0585471168307,0.0584208307764,0.0590297099669,0.0589440158586,0.0592642412107,0.0595168133194,0.0600264677529,0.0601347129423,0.0603782646185,0.0609781233766,0.060946551863,0.0609826335928,0.0612397159177,0.0616095536483,0.0615824923509,0.0621552898116,0.0622545145686,0.0628137813806,0.0631069454353,0.0633910890576,0.0641307645186,0.0649606443042,0.0652989105212,0.0659303407928,0.0667827716596,0.0673014465256,0.0676577536074,0.0680636730678,0.0688349200424,0.0692227986379,0.0698361880446,0.0701924951265,0.0703503526944,0.0706299861004,0.0709637421011,0.0709321705876,0.0715410497781,0.0716763562649,0.0715410497781,0.0716492949675,0.0717710708056,0.0719695203196,0.0726460527535,0.0731241356734,0.0732323808629,0.0735616266474,0.0739089132968,0.0742156080001,0.0744952414062,0.0749011608665,0.0749868549748,0.0750184264884,0.0750409775695,0.0747838952446,0.0751221614616,0.0751988351374,0.0757265304359,0.0759610616796,0.0766150430324,0.0767774108166,0.0767368188705,0.0774313921693,0.0780538020085,0.0783875580093,0.07848227255,0.0794068668764,0.0795376631469,0.0800879095265,0.0801059503914,0.0804622574733,0.0809313199608,0.0810440753664,0.0812019329343,0.0818604245034,0.0824332219641,0.0821761396392,0.0821941805041,0.0828752231542,0.0835066534259,0.083628429264,0.0843545740764,0.0850626780239,0.0855903733223,0.0856625367819,0.0860594358098,0.0864833961351,0.087777828192,0.0875929093267,0.0876470319214,0.0883145439229,0.08885576987,0.0888828311674,0.0886798714372,0.0891083419787,0.0897668335477,0.0905741622521,0.0904839579276,0.0911785312264,0.0914536544162,0.0917964308494,0.0920986153366,0.0925180654456,0.0930953731225,0.0938711303134,0.0941733148006,0.0946513977205,0.0949490719914,0.0952151747488,0.0960901566966,0.0970237714554,0.0974071398347,0.0982234889716,0.0988639396757,0.0990939607032,0.0996532275152,0.0997389216235,0.100415454057,0.101060414978,0.101335538168,0.101714396331,0.102557806765,0.103031379469,0.103676340389,0.104560342769,0.105322569311,0.106215592124,0.106598960503,0.10700939018,0.107613759154,0.108403046994,0.108872109481,0.109453927375,0.110125949592,0.110536379269,0.110567950782,0.110897196567,0.111839831758,0.112701283057,0.113585285438,0.113896490357,0.114604594305,0.115010513765,0.116092965659,0.116877743283,0.11793313388,0.119236586369,0.119994302695,0.121009101346,0.12212763497,0.12301163735,0.12328676054,0.124157232272,0.124657866273,0.125478725626,0.126200360222,0.127093383035,0.127738343955,0.128554693092,0.12898767385,0.129745390176,0.131012760935,0.132041090235,0.132658989858,0.13362417613,0.134566811321,0.13526138462,0.136149897217,0.137002328083,0.138292249924,0.139658845441,0.140479704794,0.141575687337,0.142978364583,0.144146510586,0.145219942047,0.146117475076,0.147529172755,0.148223746054,0.148931850001,0.149775260436,0.151051651628,0.152066450279,0.153207534984,0.154479415959,0.155413030718,0.156490972396,0.157636567318,0.159048264996,0.160320145972,0.161776945813,0.162678989058,0.16402754371,0.164812321333,0.165380608578,0.166959184257,0.168519719071,0.16928645583,0.170562847022,0.171965524268,0.173386242379,0.175027961085,0.176390046386,0.177887438173,0.17921795196,0.180291383421,0.181486590721,0.182569042615,0.183904066618,0.18521653954,0.186628237219,0.188188772033,0.189239652414,0.190470941444,0.192139721447,0.194250502641,0.195305893238,0.196866428052,0.198242044001,0.199897293356,0.200758744655,0.202039646063,0.204078263798,0.206026677207,0.207474456616,0.208304336402,0.209968606189,