# R script for Peak Model
#  -- generated by MACS
p <- c(0.0248817588122,0.0287191333273,0.0324675252449,0.0367053214485,0.0405538187883,0.0407651524572,0.0410432230743,0.0406539242104,0.0403091166453,0.0399754319048,0.0395972558657,0.0397974667099,0.0400310460283,0.0398085895346,0.0397307297619,0.0395750102163,0.0394415363201,0.0392302026512,0.039552764567,0.0399976775542,0.0400088003789,0.0400977829763,0.0402646253466,0.0403424851193,0.0405871872623,0.0408096437559,0.0411433284964,0.0415326273602,0.04136578499,0.0412211882692,0.04136578499,0.0412656795679,0.0412323110938,0.0410654687236,0.04136578499,0.0413991534641,0.0412768023926,0.0410432230743,0.0412100654445,0.041332416516,0.0411544513211,0.0413546621653,0.0411433284964,0.0412990480419,0.0415103817109,0.0412768023926,0.0408652578794,0.0411322056717,0.0409097491781,0.0409431176521,0.0412768023926,0.0410321002496,0.0414547675875,0.0414881360615,0.0407985209313,0.0409987317755,0.0412879252172,0.0412990480419,0.0413101708666,0.0412990480419,0.0415659958343,0.0416549784317,0.0417439610292,0.0417884523279,0.0419886631722,0.0420554001203,0.0420331544709,0.0422778566139,0.0422222424905,0.0419997859969,0.041855189276,0.0420109088215,0.0415548730096,0.0417662066785,0.0418774349254,0.0414213991134,0.0418440664513,0.0415993643083,0.0417550838539,0.0417550838539,0.0414102762887,0.0411322056717,0.0410098546002,0.0411766969704,0.0414547675875,0.0414547675875,0.0411544513211,0.0409764861262,0.0410321002496,0.0414881360615,0.0415326273602,0.0417105925551,0.0422222424905,0.042099891419,0.0417662066785,0.0420776457696,0.0415882414836,0.041821820802,0.0420554001203,0.0423001022633,0.0423668392113,0.042622664179,0.042622664179,0.0423334707373,0.0420776457696,0.0424002076854,0.0433234021339,0.0436459640497,0.0434012619067,0.0431009456403,0.0432677880105,0.0431676825884,0.0427783837245,0.043145436939,0.0439796487901,0.0434457532054,0.0431565597637,0.0427338924258,0.0427561380752,0.0427005239518,0.0427116467765,0.0428896119714,0.0428451206726,0.0425114359322,0.041577118659,0.04188855775,0.0416994697305,0.0417884523279,0.0418440664513,0.0419664175228,0.0417995751526,0.0418440664513,0.0424224533347,0.0425336815816,0.043145436939,0.0435792271016,0.0439685259655,0.0438016835952,0.0437238238225,0.0435236129782,0.0438350520693,0.0433345249586,0.0432344195365,0.0433122793093,0.0427227696011,0.042377962036,0.0418663121007,0.0422889794386,0.042589295705,0.0430342086922,0.0427561380752,0.0429563489195,0.0431676825884,0.0432344195365,0.0440130172642,0.0440352629135,0.0444356846021,0.0447137552191,0.0446581410957,0.0449028432387,0.0448249834659,0.0451141769076,0.0451809138557,0.0451475453817,0.0453922475247,0.0452587736285,0.0449807030115,0.0445580356736,0.0443800704787,0.0441353683357,0.0444579302514,0.044124245511,0.0432232967118,0.0436904553484,0.0432900336599,0.0435903499263,0.0441909824591,0.044613649797,0.0445246671995,0.0446358954463,0.0447360008685,0.0449918258361,0.04590389746,0.0455257214208,0.0457148094404,0.0457481779145,0.0453588790506,0.0452476508038,0.0453922475247,0.0451586682064,0.0449028432387,0.0451252997323,0.045136422557,0.0453366334013,0.0457815463885,0.0459150202847,0.0461374767783,0.0465935125903,0.0472497592465,0.0471385309996,0.0473164961945,0.0472275135971,0.0468604603826,0.0467714777852,0.0464934071681,0.0467492321358,0.0467937234345,0.0462598278498,0.0458816518107,0.0462931963239,0.046393301746,0.0465935125903,0.047127408175,0.0473609874933,0.0473164961945,0.0471051625256,0.0474277244414,0.0476613037597,0.0480061113248,0.0477947776558,0.0479504972014,0.047928251552,0.0479727428507,0.0479727428507,0.0479727428507,0.048172953695,0.0477391635324,0.048451024312,0.0483509188899,0.0485066384355,0.0485400069095,0.0491740079163,0.048940428598,0.0489515514227,0.0493630959359,0.0490182883708,0.0497301491504,0.0490405340202,0.0492629905138,0.0494520785334,0.0496077980789,0.0491628850917,0.0493630959359,0.0493853415853,0.0490627796695,0.0492629905138,0.048907060124,0.0493742187606,0.0494187100593,0.0498525002219,0.0498858686959,0.050163939313,0.0497857632738,0.0498302545725,0.0498302545725,0.0502974132092,0.0502417990857,0.0498969915206,0.0496967806764,0.0498525002219,0.0499970969428,0.0498080089232,0.0505532381768,0.0508535544432,0.0512762217811,0.0510092739888,0.0511983620083,0.0516766434696,0.0518657314892,0.0514986782747,0.0515542923981,0.0518212401905,0.0514319413267,0.0516877662943,0.0518434858399,0.0516210293462,0.0520659423335,0.0523662585999,0.0526109607429,0.0529001541846,0.0529335226586,0.053445172594,0.0539234540553,0.0541904018476,0.0544017355166,0.054946753926,0.0545685778868,0.0549912452247,0.0551580875949,0.05550289516,0.0556363690562,0.0548466485038,0.055258193017,0.0549801224,0.0549912452247,0.0552915614911,0.0556919831796,0.0551469647702,0.0553360527898,0.0557920886018,0.0561702646409,0.0572825471091,0.0572714242844,0.0579944078887,0.0584281980512,0.0589620936359,0.0596739544156,0.0607306227603,0.0619318878259,0.0623879236378,0.063322240911,0.0636003115281,0.0645012603273,0.0649684189639,0.0659472275358,0.067092878478,0.0676490197121,0.0678937218551,0.0674376860431,0.0674376860431,0.067615651238,0.0684276174398,0.0689837586739,0.0692395836415,0.0691394782194,0.0681273011734,0.0679270903291,0.0682162837708,0.0684943543879,0.0684164946151,0.0686278282841,0.0685722141606,0.0682051609462,0.0686389511087,0.0685166000372,0.0697623564016,0.0707745334476,0.071141586662,0.071630990948,0.0721092724093,0.0724763256238,0.0724874484485,0.0727988875396,0.0727432734162,0.0736775906894,0.0736887135141,0.0738555558843,0.0738444330596,0.0739667841311,0.0749455927031,0.0749455927031,0.0749900840018,0.0752570317941,0.0753237687422,0.0758242958529,0.0754794882878,0.075612962184,0.0761913490674,0.076658507704,0.0769254554964,0.0771034206913,0.0778375271202,0.078438159653,0.0790499150105,0.0790721606599,0.0798285127382,0.0800843377059,0.0802511800761,0.0810186549791,0.0810631462778,0.0809852865051,0.0808851810829,0.0802956713748,0.080918549557,0.080707215888,0.0815191820898,0.0815859190378,0.0812967255961,0.0808073213102,0.0804402680957,0.0810965147519,0.0820197092004,0.0828316754022,0.0826425873826,0.0831764829673,0.0831319916686,0.0840106948184,0.0849227664423,0.0849338892669,0.0855345217997,0.0866579270926,0.0865800673198,0.0874587704696,0.0885154388143,0.0890270887497,0.089783440828,0.0893718963148,0.0898724234255,0.0911070569651,0.0911960395626,0.0912961449847,0.0921081111864,0.0924640415762,0.0918300405694,0.0919412688162,0.0918411633941,0.0931425338818,0.0930535512843,0.0927309893686,0.0939878685576,0.0944105358955,0.0942770619993,0.0944772728436,0.0964460128122,0.0975582952803,0.0984592440795,0.098859665768,0.0995715265476,0.100761668789,0.101462406743,0.101873951257,0.103798199927,0.104921605219,0.104521183531,0.104810376973,0.104120761842,0.104699148726,0.105533360577,0.10577806272,0.105744694246,0.106601151746,0.106078378986,0.106623397396,0.107546591844,0.108480909117,0.110193824118,0.11014933282,0.110783333826,0.111751019574,0.112562985775,0.113352706328,0.114654076816,0.115098989803,0.115232463699,0.116100044024,0.116978747174,0.117857450324,0.118224503538,0.118146643766,0.118747276298,0.11922555776,0.119781698994,0.120404577176,0.12148349117,0.121450122696,0.122417808443,0.123752547405,0.125398725458,0.127145008933,0.128268414226,0.128857923934,0.129369573869,0.130715435655,0.131571893156,0.132962246241,0.133429404878,0.133963300462,0.134419336274,0.135765198061,0.136621655561,0.137767306503,0.138968571569,0.139847274719,0.140636995271,0.141704786441,0.142338787447,0.143339841669,0.143884860078,0.145464301183,0.146587706476,0.14766662047,0.149101464854,0.149935676705,0.151570731933,0.152671891576,0.154306946805,0.155853019435,0.157699408332,0.157476951839,0.159289972262,0.160524605802,0.162003941484,0.162893767459,0.164628928109,0.166241737688,0.168177109182,0.169078057982,0.169967883956,0.171447219639,0.171458342463,0.173260240062,0.173249117237,0.174361399705,0.174272417108,0.174772944218,