# R script for Peak Model
#  -- generated by MACS
p <- c(0.0355100171292,0.0410953149099,0.0469730366582,0.0529969703902,0.0588454497417,0.0590891363814,0.0589916617255,0.0590014091911,0.0590306515879,0.0592645907619,0.0597519640412,0.0602880746484,0.0604927714257,0.0602783271828,0.0600053981464,0.059898176025,0.060015145612,0.0600053981464,0.0602880746484,0.0598884285594,0.0595180248671,0.0595960045918,0.059332823021,0.0593913078145,0.0592938331587,0.0593815603489,0.0598299437659,0.0595375197983,0.0595082774016,0.0596739843165,0.0593913078145,0.0591866110372,0.0595472672639,0.0598396912315,0.0600931253367,0.059615499523,0.0595570147295,0.0600833778711,0.0599469133529,0.0598494386971,0.0602783271828,0.0603270645108,0.0603563069075,0.0603758018387,0.0603173170452,0.0610971142921,0.0612043364135,0.0613505483973,0.061028882033,0.0614772654499,0.0620036285915,0.0619061539357,0.061711204624,0.061545497709,0.0623350424215,0.0620036285915,0.0622180728344,0.0616917096928,0.0619841336604,0.0615844875713,0.0614772654499,0.0614772654499,0.0616722147616,0.0617599419519,0.0610386294985,0.0612725686726,0.0608339327212,0.0612335788103,0.0615065078467,0.0621595880409,0.0618866590045,0.061993881126,0.0622570626968,0.0622180728344,0.0629198903566,0.0625884765267,0.0627249410449,0.0626664562514,0.0624520120085,0.0618671640733,0.0616137299681,0.0619256488669,0.0620036285915,0.0617794368831,0.0609509023083,0.0609509023083,0.0608436801868,0.0608046903245,0.0612823161382,0.0612043364135,0.0613895382596,0.0606584783407,0.060697468203,0.0607754479277,0.061379790794,0.0615552451746,0.0613505483973,0.061262821207,0.0608924175148,0.0609509023083,0.0614480230531,0.0618866590045,0.0618476691422,0.0618866590045,0.061828174211,0.0619646387292,0.0620133760571,0.0618379216766,0.0616527198304,0.0620426184539,0.0617014571584,0.0622473152312,0.0618379216766,0.0620426184539,0.0618866590045,0.0618476691422,0.0624812544052,0.0627346885105,0.0630466074092,0.0633195364456,0.0629296378222,0.062910142891,0.0630076175469,0.0631245871339,0.0633975161703,0.0631343345995,0.0629783751501,0.0630466074092,0.0632220617898,0.0632025668586,0.0634170111015,0.0633000415145,0.0634072636359,0.0632707991177,0.0631635769963,0.0632318092554,0.0627346885105,0.0623837797494,0.0621888304377,0.0620036285915,0.0622863050935,0.0615844875713,0.0617599419519,0.0621011032474,0.0625202442676,0.0625007493364,0.0633682737736,0.0640798387613,0.0639726166399,0.0639921115711,0.0633682737736,0.0647036765588,0.064274788073,0.0644307475224,0.064606201903,0.0644794848503,0.064440494988,0.0644015051257,0.0643820101945,0.0641480710204,0.0649863530608,0.0641675659516,0.0644989797815,0.0637386774658,0.0633390313768,0.0646159493685,0.0641090811581,0.0637094350691,0.0635339806885,0.0636314553444,0.063475495895,0.06364120281,0.0639043843808,0.0645184747127,0.0649181208017,0.0641383235548,0.0644989797815,0.0649863530608,0.0651520599758,0.0650448378543,0.0648693834738,0.0645867069718,0.0642552931419,0.0640700912957,0.0641870608828,0.0644502424536,0.0644794848503,0.0633780212391,0.0636119604132,0.0638848894496,0.0640798387613,0.0646646866965,0.0650253429231,0.0654444839433,0.0649181208017,0.064274788073,0.0640993336925,0.0651715549069,0.065239787166,0.065288524494,0.0650643327855,0.0652495346316,0.0651715549069,0.0650155954576,0.0656589281862,0.0661170590688,0.0659026148259,0.0658148876356,0.0656491807206,0.0657758977733,0.0661755438623,0.0658636249635,0.0657369079109,0.0658831198947,0.065688170583,0.0653957466154,0.0657369079109,0.0660488268097,0.065970847085,0.0659123622915,0.0658733724291,0.0660098369473,0.0660585742752,0.0661560489311,0.0656491807206,0.0656686756518,0.0654444839433,0.0647036765588,0.0648303936114,0.0652105447693,0.0649668581296,0.0653859991498,0.0650935751823,0.0654932212713,0.065922109757,0.0666239272792,0.0667214019351,0.0674232194573,0.0676571586313,0.0669748360403,0.0677643807528,0.0671892802832,0.0678033706151,0.0675986738378,0.0677546332872,0.0676864010281,0.0682615014976,0.0680373097892,0.0681445319106,0.0686026627932,0.0683882185503,0.0683979660159,0.0685344305341,0.0686903899834,0.0687293798458,0.0685734203964,0.0683199862912,0.0685051881373,0.0687586222425,0.068982813951,0.0689243291575,0.0690705411413,0.0687878646393,0.0683589761535,0.0682322591009,0.0687391273114,0.0692849853842,0.0696163992141,0.0695384194894,0.0698698333193,0.06938246004,0.0695969042829,0.0704449337889,0.0703961964609,0.0697236213355,0.0694604397647,0.0690315512789,0.0687391273114,0.0686221577243,0.0681152895139,0.0691972581939,0.0693142277809,0.0689243291575,0.0692070056595,0.0702499844772,0.0703084692707,0.0709225596026,0.0712929632948,0.0720142757482,0.0725016490275,0.0724041743716,0.0722579623878,0.0730767494971,0.0732229614808,0.073242456412,0.0732619513432,0.0724529116996,0.0723456895781,0.0724626591651,0.0737688195536,0.0749872527519,0.0779114924276,0.0795003293181,0.0828826998764,0.0859823939327,0.0895889561995,0.0944334465956,0.0993949065788,0.103859245817,0.107183131582,0.110224340845,0.111160097541,0.113041358399,0.113957620164,0.115000598982,0.115673174107,0.115653679176,0.11555620452,0.114834892067,0.114347518788,0.114103832148,0.114639942755,0.114942114188,0.115409992536,0.115838881022,0.116258022042,0.116433476423,0.116277516974,0.116423728957,0.117573929896,0.117827364002,0.118763120698,0.119104281993,0.119425948358,0.119913321637,0.11970862486,0.119815846981,0.120283725329,0.120819835937,0.120351957588,0.120400694916,0.12030322026,0.120712613815,0.119913321637,0.119806099516,0.120956300455,0.120946552989,0.121092764973,0.121014785248,0.120771098609,0.120995290317,0.120771098609,0.120342210123,0.120683371418,0.120897815661,0.120498169572,0.120712613815,0.120595644228,0.120839330868,0.120995290317,0.121599633183,0.122077258997,0.122184481119,0.122847308778,0.12237943043,0.122681601863,0.122096753928,0.122009026738,0.121570390787,0.121804329961,0.120907563127,0.120420189847,0.120673623953,0.121014785248,0.120741856212,0.120381199985,0.12112200737,0.121199987094,0.121570390787,0.121404683872,0.121638623046,0.12162887558,0.121248724422,0.12112200737,0.121706855305,0.121570390787,0.121882309685,0.121882309685,0.121989531807,0.121755592633,0.12178483503,0.122213723515,0.12178483503,0.121843319823,0.122125996325,0.122350188033,0.121755592633,0.121921299548,0.121755592633,0.122067511531,0.123227459936,0.123549126301,0.124494630462,0.124533620325,0.124631094981,0.125040488535,0.125069730932,0.124835791758,0.125128215725,0.125440134624,0.125225690381,0.124679832309,0.125098973329,0.124426398203,0.124601852584,0.124523872859,0.12487478162,0.125050236001,0.125157458122,0.125498619418,0.124933266414,0.124952761345,0.124260691288,0.124309428616,0.124348418479,0.124582357653,0.124796801896,0.125225690381,0.125508366883,0.12520619545,0.125459629555,0.12611270975,0.126190689474,0.126317406527,0.126522103304,0.126668315288,0.127116698705,0.126921749393,0.1268632646,0.127184930964,0.127750283968,0.128130435126,0.128793262786,0.129436595514,0.129397605652,0.129738766948,0.129066191822,0.129514575239,0.129641292292,0.129582807498,0.129543817636,0.129426848049,0.12935861579,0.129904473863,0.129612049895,0.12902720196,0.128988212097,0.129709524551,0.129962958656,0.129651039757,0.128988212097,0.128803010251,0.128422859093,0.127760031434,0.127604071984,0.127877001021,0.128374121766,0.126629325426,0.126044477491,0.126083467353,0.126765789944,0.127145941102,0.127915990883,0.128754272923,0.12893947477,0.128880989976,0.129261141134,0.13010917064,0.130421089539,0.131025432405,0.130557554057,0.130372352211,0.129582807498,0.128764020389,0.128637303336,0.128851747579,0.128617808405,0.128861495045,0.128266899644,0.128188919919,0.128617808405,0.128734777992,0.129514575239,0.129748514413,0.129972706122,0.13052831166,0.130869472956,0.130391847142,0.131220381717,0.130849978024,0.131415331028,0.131717502461,0.131678512599,0.131824724583,0.132126896016,0.132321845328,0.132848208469,0.133696237975,0.133949672081,0.135041388226,0.13476845919,0.135031640761,