# R script for Peak Model
#  -- generated by MACS
p <- c(0.0194604587803,0.0222984423524,0.0267581308229,0.0291906881705,0.0324340979672,0.0304069668442,0.0312178192934,0.0312178192934,0.0295961143951,0.0348666553147,0.0372992126623,0.0377046388869,0.0368937864377,0.038515491336,0.0381100651115,0.0397317700098,0.0389209175606,0.0389209175606,0.0372992126623,0.0295961143951,0.0259472783738,0.0259472783738,0.0247309997,0.0231092948016,0.022703868577,0.0210821636787,0.0206767374541,0.0194604587803,0.0214875899033,0.0210821636787,0.0259472783738,0.0255418521492,0.0243255734754,0.022703868577,0.0235147210262,0.0259472783738,0.0259472783738,0.0275689832721,0.0259472783738,0.0263527045983,0.022703868577,0.0235147210262,0.0243255734754,0.0259472783738,0.0259472783738,0.0247309997,0.0251364259246,0.022703868577,0.0247309997,0.0247309997,0.0251364259246,0.0251364259246,0.0247309997,0.0243255734754,0.0239201472508,0.0222984423524,0.022703868577,0.0271635570475,0.0275689832721,0.0279744094967,0.0291906881705,0.0283798357213,0.0291906881705,0.0291906881705,0.0300015406197,0.0324340979672,0.0352720815393,0.0328395241918,0.0324340979672,0.031623245518,0.0295961143951,0.0283798357213,0.0283798357213,0.0271635570475,0.0243255734754,0.022703868577,0.0194604587803,0.0186496063311,0.0170279014328,0.015811622759,0.0154061965344,0.0162170489836,0.0170279014328,0.0186496063311,0.0186496063311,0.0210821636787,0.0214875899033,0.0218930161279,0.0222984423524,0.0231092948016,0.022703868577,0.0218930161279,0.0190550325557,0.0198658850049,0.0190550325557,0.015811622759,0.0150007703098,0.0206767374541,0.0206767374541,0.0210821636787,0.0239201472508,0.0239201472508,0.0283798357213,0.0287852619459,0.0320286717426,0.0401371962344,0.0401371962344,0.0360829339885,0.0352720815393,0.0348666553147,0.033650376641,0.0360829339885,0.0332449504164,0.0304069668442,0.0287852619459,0.0214875899033,0.0235147210262,0.022703868577,0.0218930161279,0.0218930161279,0.0202713112295,0.0174333276574,0.017838753882,0.0186496063311,0.0214875899033,0.0243255734754,0.0235147210262,0.0218930161279,0.0235147210262,0.0243255734754,0.0247309997,0.0271635570475,0.0263527045983,0.0283798357213,0.0251364259246,0.0235147210262,0.0214875899033,0.0218930161279,0.0231092948016,0.0218930161279,0.0222984423524,0.0198658850049,0.0194604587803,0.0166224752082,0.0206767374541,0.0198658850049,0.022703868577,0.0231092948016,0.0251364259246,0.0259472783738,0.0255418521492,0.0251364259246,0.0247309997,0.0259472783738,0.0231092948016,0.0235147210262,0.0231092948016,0.0222984423524,0.017838753882,0.0222984423524,0.0231092948016,0.0239201472508,0.0243255734754,0.0255418521492,0.0247309997,0.0239201472508,0.0243255734754,0.0243255734754,0.0235147210262,0.0186496063311,0.0182441801065,0.0190550325557,0.0206767374541,0.0202713112295,0.022703868577,0.0239201472508,0.0222984423524,0.0235147210262,0.0263527045983,0.0271635570475,0.0283798357213,0.0283798357213,0.0267581308229,0.0247309997,0.0235147210262,0.0222984423524,0.022703868577,0.0206767374541,0.017838753882,0.0166224752082,0.0170279014328,0.0166224752082,0.0170279014328,0.0190550325557,0.0194604587803,0.0231092948016,0.022703868577,0.0222984423524,0.0247309997,0.0259472783738,0.0243255734754,0.0255418521492,0.0271635570475,0.0263527045983,0.0247309997,0.0222984423524,0.0214875899033,0.0251364259246,0.0255418521492,0.0255418521492,0.0255418521492,0.0239201472508,0.0231092948016,0.0243255734754,0.0251364259246,0.0259472783738,0.0267581308229,0.0231092948016,0.0231092948016,0.0251364259246,0.0267581308229,0.0259472783738,0.0271635570475,0.0251364259246,0.0251364259246,0.0243255734754,0.0243255734754,0.0275689832721,0.0271635570475,0.0287852619459,0.0287852619459,0.031623245518,0.0320286717426,0.031623245518,0.0312178192934,0.0304069668442,0.0304069668442,0.0287852619459,0.0271635570475,0.0239201472508,0.0222984423524,0.0214875899033,0.0194604587803,0.0202713112295,0.0202713112295,0.0210821636787,0.0222984423524,0.0255418521492,0.0275689832721,0.0283798357213,0.0279744094967,0.0304069668442,0.0348666553147,0.0360829339885,0.0360829339885,0.0344612290901,0.0332449504164,0.0308123930688,0.0295961143951,0.0291906881705,0.0291906881705,0.0291906881705,0.0259472783738,0.0283798357213,0.0275689832721,0.0287852619459,0.0308123930688,0.0304069668442,0.0312178192934,0.0348666553147,0.038515491336,0.0381100651115,0.0393263437852,0.0368937864377,0.0389209175606,0.0393263437852,0.0377046388869,0.0389209175606,0.0389209175606,0.0360829339885,0.0352720815393,0.0340558028656,0.0364883602131,0.0368937864377,0.0348666553147,0.0344612290901,0.0348666553147,0.0324340979672,0.0332449504164,0.0324340979672,0.0332449504164,0.0324340979672,0.0263527045983,0.0279744094967,0.0287852619459,0.0295961143951,0.031623245518,0.0332449504164,0.031623245518,0.0312178192934,0.0377046388869,0.0551379665442,0.0685170319557,0.079058113795,0.0997348512491,0.115951900233,0.140682899933,0.151223981772,0.170684440552,0.190144899333,0.1978479976,0.194604587803,0.197442571375,0.195820866477,0.199064276274,0.20230768607,0.188523194434,0.18811776821,0.184063505964,0.190144899333,0.189739473108,0.193388309129,0.192982882905,0.208794505664,0.209605358113,0.203929390969,0.205551095867,0.206361948316,0.205551095867,0.198658850049,0.198658850049,0.193388309129,0.189739473108,0.174738702798,0.160143358713,0.162170489836,0.162981342285,0.160548784938,0.164197620959,0.160548784938,0.160548784938,0.165413899633,0.172306145451,0.180009243718,0.186901489536,0.196631718926,0.196226292702,0.213254194134,0.21730845638,0.217713882605,0.260283636187,0.26677045578,0.265959603331,0.26231076731,0.256634800165,0.252985964144,0.25258053792,0.237174341385,0.234741784038,0.236363488936,0.190550325557,0.177171260146,0.177982112595,0.176360407697,0.179198391269,0.17838753882,0.183658079739,0.185279784638,0.189739473108,0.187306915761,0.190955751782,0.1978479976,0.19257745668,0.209605358113,0.224200702198,0.220551866177,0.217713882605,0.221768144851,0.216092177706,0.215686751482,0.2225789973,0.216497603931,0.216497603931,0.202713112295,0.192172030456,0.192172030456,0.199875128723,0.194604587803,0.200685981172,0.1978479976,0.194604587803,0.20757822699,0.215686751482,0.208389079439,0.211632489236,0.208794505664,0.199469702498,0.211227063011,0.20230768607,0.205551095867,0.20311853852,0.190955751782,0.184468932188,0.194604587803,0.19257745668,0.213659620359,0.211632489236,0.204334817193,0.215281325257,0.223795275974,0.225011554647,0.226633259546,0.232714652915,0.222984423524,0.215686751482,0.199064276274,0.203523964744,0.205956522092,0.211632489236,0.205145669642,0.209605358113,0.211227063011,0.20757822699,0.210821636787,0.210416210562,0.208389079439,0.205956522092,0.213659620359,0.197442571375,0.196226292702,0.20311853852,0.206361948316,0.205551095867,0.220957292402,0.229876669342,0.228254964444,0.230687521792,0.223795275974,0.22784953822,0.23230922669,0.217713882605,0.212443341685,0.213254194134,0.208389079439,0.204740243418,0.20311853852,0.199469702498,0.198253423824,0.200280554947,0.196631718926,0.198253423824,0.204740243418,0.211227063011,0.207983653215,0.209605358113,0.209199931888,0.214470472808,0.214065046583,0.210821636787,0.232714652915,0.239201472508,0.248120849449,0.240012324957,0.237985193834,0.231498374241,0.235147210262,0.237174341385,0.240417751182,0.239606898733,0.215686751482,0.208389079439,0.193793735354,0.207983653215,0.204740243418,0.218524735054,0.220146439952,0.2225789973,0.245282865877,0.265959603331,0.279338668742,0.284203783438,0.297988275074,0.292312307929,0.310151061811,0.305691373341,0.309340209362,0.307718504464,0.285825488336,0.269608439352,0.275689832721,0.274068127823,0.274473554047,0.277716963844,0.26149991486,0.280960373641,0.277311537619,0.274878980272,0.276095258946,0.281365799865,0.273662701598,0.273257275374,0.267581308229,0.264743324657,0.269203013128,0.268797586903,0.295961143951,0.299609979972,0.308529356913,0.30650222579,0.303258815993,0.312583619159,0.318665012528,0.320692143651,0.323530127223,0.305285947116,