# R script for Peak Model
#  -- generated by MACS
p <- c(0.0264629620411,0.030615532108,0.0351034028635,0.0396170659797,0.0439243902106,0.0446207839485,0.0449818769978,0.0456782707357,0.0459104019817,0.0462972873916,0.0465294186376,0.0466841728016,0.0469163040476,0.0467873422443,0.0471742276542,0.0467615498836,0.046271495031,0.0458330248997,0.0455493089324,0.0454719318504,0.0454203471291,0.0453429700471,0.0444402374238,0.0447239533911,0.0446207839485,0.0445691992272,0.0444144450632,0.0441565214565,0.0442596908992,0.0437696360466,0.0433827506366,0.0432537888333,0.0439243902106,0.0431764117513,0.0427895263414,0.0431764117513,0.0436664666039,0.0439759749319,0.0438985978499,0.0439759749319,0.0445949915878,0.0450334617191,0.0455235165717,0.0463746644736,0.0464778339163,0.0470452658509,0.0471484352935,0.0467099651623,0.0471484352935,0.0468131346049,0.0467873422443,0.0474321512608,0.0472000200149,0.0470194734902,0.0474063589002,0.0465036262769,0.0459361943423,0.0458330248997,0.045961986703,0.046271495031,0.0464778339163,0.0459877790637,0.0458588172604,0.0463230797523,0.0463230797523,0.046426249195,0.0465552109983,0.046194117949,0.045961986703,0.046426249195,0.0465294186376,0.0464778339163,0.046271495031,0.0456266860144,0.045884609621,0.0459104019817,0.0461425332277,0.0470452658509,0.046426249195,0.0468905116869,0.0465810033589,0.0466325880803,0.0478190366708,0.048721769294,0.0484122609661,0.0483606762447,0.0478706213921,0.0475869054248,0.0480769602774,0.0473805665395,0.0471742276542,0.0476126977855,0.0470710582116,0.0469420964082,0.0466841728016,0.0464778339163,0.0471742276542,0.0470968505722,0.0472258123755,0.0471484352935,0.0468131346049,0.0460651561457,0.0452398006044,0.0445434068665,0.0446207839485,0.0449560846371,0.0454203471291,0.0459877790637,0.0460909485063,0.0462972873916,0.0466841728016,0.0470968505722,0.0480253755561,0.048876523458,0.0493665783106,0.0499340102452,0.0495213324746,0.0493923706713,0.0488507310974,0.0490054852613,0.0486185998514,0.0484122609661,0.0474321512608,0.0470452658509,0.0464004568343,0.045884609621,0.0458330248997,0.0464004568343,0.0466067957196,0.0461425332277,0.0466325880803,0.0466841728016,0.0473547741789,0.0470710582116,0.0475611130642,0.0476384901462,0.0476384901462,0.0467357575229,0.0472516047362,0.0474837359822,0.0476900748675,0.0479479984741,0.0484638456874,0.0487475616547,0.048799146376,0.0483864686054,0.0489281081794,0.0493665783106,0.049263408868,0.0498566331632,0.0494697477533,0.049495540114,0.0492376165073,0.0495213324746,0.0496760866386,0.0499855949666,0.0493665783106,0.0495213324746,0.0493665783106,0.0500113873272,0.0503724803765,0.0505788192618,0.0503982727372,0.0502435185732,0.0504756498192,0.0505530269012,0.0504756498192,0.0493149935893,0.0488507310974,0.0482317144414,0.0482317144414,0.0478448290315,0.0479222061135,0.0478190366708,0.0475095283428,0.0472516047362,0.0478964137528,0.0490054852613,0.0494697477533,0.0493923706713,0.0489796929007,0.0496760866386,0.049418163032,0.0497018789993,0.0494439553926,0.0505530269012,0.0492892012286,0.049263408868,0.0489281081794,0.0489023158187,0.0493923706713,0.0485154304087,0.0487475616547,0.048721769294,0.0485154304087,0.0482832991628,0.0490828623433,0.0494697477533,0.0501145567699,0.0498824255239,0.0500371796879,0.0504756498192,0.0503982727372,0.049186031786,0.0498308408026,0.0500113873272,0.0505272345405,0.0498566331632,0.0502693109339,0.0503982727372,0.0505788192618,0.0500371796879,0.0508883275898,0.0520489838197,0.0523584921476,0.0519716067377,0.0518168525737,0.0526680004756,0.0520489838197,0.0526937928363,0.0520747761803,0.0530033011642,0.0523584921476,0.0518942296557,0.0518942296557,0.0523069074263,0.0525906233936,0.052487453951,0.052100568541,0.0516363060491,0.0519973990984,0.0518426449344,0.0521521532623,0.0529517164429,0.0527195851969,0.052177945623,0.052023191459,0.0513783824424,0.0531064706069,0.0532612247709,0.0536996949022,0.0540092032301,0.0533128094922,0.0532354324102,0.0533386018529,0.0536739025415,0.0543960886401,0.0549119358534,0.0539060337875,0.0535449407382,0.0538286567055,0.0536996949022,0.054860351132,0.054860351132,0.0552730289027,0.055401990706,0.0551956518207,0.055247236542,0.0557630837553,0.055479367788,0.054937728214,0.054860351132,0.0544476733614,0.0544218810008,0.0548861434927,0.054860351132,0.05478297405,0.0547571816894,0.0548087664107,0.0551956518207,0.0557372913946,0.0563821004112,0.0561499691652,0.0565884392965,0.0568721552638,0.057852264969,0.058393904543,0.0592192600842,0.0588581670349,0.0593482218876,0.0590902982809,0.0592450524449,0.0597866920188,0.0592192600842,0.0582133580183,0.0575943413624,0.0567431934605,0.0559694226406,0.0558662531979,0.0566400240178,0.0562789309686,0.0557372913946,0.0557114990339,0.0560467997226,0.0565368545752,0.0565368545752,0.0570011170671,0.058161773297,0.0586518281496,0.0586002434283,0.0598382767402,0.0611278947734,0.0621337968392,0.064222978053,0.0651515030369,0.0663379516275,0.067756531464,0.067833908546,0.0688398106119,0.070516314055,0.0723217793015,0.0722959869408,0.0728376265148,0.0727344570721,0.0730697577607,0.0730697577607,0.0725023258261,0.073276096646,0.0739209056626,0.0738693209413,0.0725539105475,0.0728376265148,0.0729407959574,0.0734566431707,0.0737919438593,0.073740359138,0.0750557695318,0.0745141299579,0.0745141299579,0.0750041848105,0.0751847313352,0.0758811250731,0.0755974091058,0.0755200320238,0.0752621084172,0.076577518811,0.0766291035323,0.0779960986475,0.0786409076641,0.0782540222542,0.0795952250087,0.0796726020907,0.0808590506812,0.0809880124845,0.0827676853703,0.082870854813,0.0837993797969,0.0840573034035,0.0838767568789,0.0841604728462,0.0835672485509,0.0839541339609,0.0836704179936,0.0842894346495,0.0835930409116,0.0833609096656,0.0828966471737,0.082793477731,0.0829224395343,0.0838509645182,0.0841862652069,0.0845731506168,0.0845215658955,0.0842120575675,0.0835930409116,0.0838767568789,0.0844699811742,0.0835930409116,0.0833609096656,0.082406592321,0.0824581770424,0.0823807999604,0.082483969403,0.0823292152391,0.0833609096656,0.0841604728462,0.0833609096656,0.0843152270102,0.0839799263215,0.0851663749121,0.0856822221254,0.085940145732,0.0869202554372,0.0877198186178,0.0876682338965,0.0875392720932,0.0881582887491,0.0880809116671,0.0896026609463,0.0890610213723,0.0896284533069,0.0908922789795,0.0909180713401,0.0910986178648,0.09169184216,0.0921045199307,0.0929556678326,0.0936520615705,0.095148018489,0.0956380733416,0.095457526817,0.0949416796037,0.0950964337677,0.0961281281942,0.0963860518009,0.0957670351449,0.0951996032103,0.0957670351449,0.095380149735,0.0955606962596,0.0971340302601,0.09790780108,0.0987331566213,0.0981915170473,0.0989394955066,0.0998422281298,0.100744960753,0.100332282982,0.100873922556,0.102086163508,0.10216354059,0.101931409344,0.102266710032,0.102369879475,0.103092065573,0.103891628754,0.10412376,0.105361793312,0.105387585673,0.105387585673,0.104639607213,0.105129662066,0.105722886361,0.106935127312,0.10685775023,0.106986712034,0.10760572869,0.10879217728,0.109823871707,0.109927041149,0.111474582789,0.11229993833,0.112428900134,0.1134348022,0.114131195938,0.115575568135,0.116117207709,0.116994147971,0.11694256325,0.11890278266,0.12003764653,0.122152620104,0.121894696497,0.12199786594,0.122823221481,0.122849013842,0.123519615219,0.123596992301,0.1243191784,0.124035462433,0.12354540758,0.12277163676,0.124602894367,0.125918304761,0.127259507516,0.128936010959,0.13053513732,0.131050984533,0.133062788665,0.134017106009,0.135461478207,0.136622134436,0.138453392044,0.140129895487,0.140826289225,0.140929458667,0.141084212831,0.143121809324,0.142709131553,0.143869787783,0.1445145968,0.146268477325,0.147300171751,0.147790226604,0.148512412703,0.150911102244,0.151994381392,0.151246402933,0.152252304999,0.153206622343,0.155476350082,0.155837443131,0.159087280575,0.159242034739,0.159783674313,0.161382800674,0.162595041625,0.164658430478,0.166515480446,0.168914169988,0.17017799566,0.17211242271,0.170668050513,0.172576685202,0.174124226842,0.173969472678,0.175052751826,