# R script for Peak Model
#  -- generated by MACS
p <- c(0.0322192718961,0.037413153066,0.0427087216685,0.0478869586181,0.0528070659312,0.0530339071268,0.0524941815233,0.0526506237272,0.052799243821,0.0525880468457,0.0529635081351,0.0534484789672,0.0536205653915,0.0536753201629,0.0541759352154,0.0539803824605,0.0543871321907,0.0543010889785,0.0546217954966,0.0546452618271,0.054238512097,0.0540664256727,0.0537378970444,0.0538943392484,0.0538474065872,0.0539334497993,0.0538082960362,0.0537848297056,0.0537535412648,0.0539647382401,0.054238512097,0.0543010889785,0.0547938819209,0.0546609060475,0.0548955693534,0.0550441894471,0.0549816125656,0.0550285452267,0.0546139733864,0.0544340648519,0.0545122859538,0.0547313050393,0.0547156608189,0.055239742202,0.055239742202,0.0551693432103,0.0551615211001,0.0555135160589,0.0557716456953,0.0558655110177,0.0559437321196,0.0554665833977,0.0552240979816,0.0549503241248,0.0550285452267,0.0550754778879,0.0553648959652,0.0550676557777,0.0552475643122,0.0555056939487,0.055200631651,0.0554978718385,0.0558342225769,0.0558029341361,0.0555526266098,0.0555917371608,0.0555839150506,0.0558967994585,0.0558342225769,0.0553727180753,0.0554744055079,0.0553414296346,0.0553336075244,0.0553492517448,0.055278852753,0.0552475643122,0.054997256786,0.0547000165985,0.0549112135738,0.0552162758714,0.055638669822,0.0559046215687,0.0559515542298,0.0560219532216,0.0561236406541,0.055920265789,0.0561001743235,0.0562096838663,0.0562253280867,0.05635830396,0.0558889773483,0.0554431170671,0.055317963304,0.0551771653205,0.0554509391773,0.0557481793647,0.0554196507365,0.0555526266098,0.0554352949569,0.0551928095408,0.0551849874307,0.0554118286263,0.0552240979816,0.0553805401855,0.0558733331279,0.0558420446871,0.0565773230455,0.0566007893761,0.0566633662576,0.0568980295635,0.0572265581917,0.0576020194811,0.0578601491176,0.0579696586603,0.0577819280156,0.0577819280156,0.0574455772772,0.0573908225058,0.0570622938776,0.0570466496572,0.0566320778169,0.0563426597396,0.0566555441474,0.0567806979106,0.0563113712988,0.056718121029,0.0567337652494,0.0569371401145,0.0569449622247,0.0571561592,0.0571561592,0.0572109139713,0.0568823853431,0.0568198084616,0.0568041642412,0.056679010478,0.0565929672659,0.0568041642412,0.0573282456243,0.0570701159878,0.0574299330568,0.0576176637015,0.0577506395748,0.0578836154482,0.0581808556356,0.0580713460929,0.0581808556356,0.0582121440764,0.0578523270074,0.0585328505944,0.0580244134317,0.0576645963627,0.0575629089301,0.0576645963627,0.0575003320486,0.057437755167,0.0575472647098,0.0575629089301,0.0577115290239,0.0573517119549,0.0576645963627,0.0579383702195,0.0580400576521,0.0577193511341,0.0580478797623,0.0582981872885,0.0584546294925,0.0579853028807,0.0583685862803,0.0579540144399,0.0583529420599,0.0585015621536,0.0584624516026,0.058595427476,0.0587284033493,0.0585641390352,0.0581339229744,0.0584155189415,0.0582668988478,0.0586032495862,0.0585093842638,0.0586032495862,0.0590178214265,0.0594089269363,0.0591195088591,0.0593228837242,0.0596592344626,0.0598469651073,0.0598078545563,0.0597061671238,0.0599486525398,0.05995647465,0.0597061671238,0.0597452776747,0.060073806303,0.0604258012618,0.0600034073112,0.0601207389641,0.0606213540167,0.0605118444739,0.0606448203472,0.0607386856696,0.0605978876861,0.0603319359394,0.0605040223637,0.0606526424574,0.061473964028,0.0615208966892,0.0615287187994,0.0619276464193,0.0616616946727,0.0618807137582,0.0622952855985,0.0629445207448,0.0626785689981,0.0625221267942,0.0625221267942,0.0626942132185,0.0627724343205,0.0627489679899,0.0630774966181,0.0629210544142,0.0630305639569,0.0625768815656,0.0627020353287,0.0626394584472,0.0628662996428,0.0627880785409,0.0623109298189,0.0627411458797,0.0625377710146,0.0624439056923,0.0621701318354,0.0622248866068,0.0621623097252,0.0624673720228,0.0621466655048,0.0623343961495,0.0626551026675,0.062514304684,0.0631166071691,0.0631713619405,0.0638518855275,0.0637345538745,0.064313390029,0.0643446784698,0.0647827166408,0.065111245269,0.0656196824317,0.0658621678478,0.0653537306851,0.0657057256439,0.0654945286686,0.0658934562886,0.066112475374,0.0662532733576,0.0666052683164,0.0662219849168,0.0659325668395,0.0661672301454,0.0663080281289,0.066268917578,0.0664488261125,0.0667695326305,0.0666600230877,0.0664018934513,0.0666209125368,0.0671528160301,0.0672388592422,0.0669416190548,0.0674031235563,0.0677551185151,0.0682479114575,0.0678724501681,0.0683574210002,0.0688893244935,0.0681696903555,0.0680601808128,0.06834959889,0.0688111033916,0.0685920843061,0.0688423918323,0.0687172380692,0.0691552762402,0.0685607958653,0.0684903968735,0.0688580360527,0.0688267476119,0.0690144782566,0.0693430068849,0.0695698480805,0.0694916269786,0.069468160648,0.0698201556068,0.0698436219374,0.0697262902845,0.0699140209292,0.0701956168962,0.0706101887366,0.0708370299322,0.0713532892052,0.0725109615141,0.0735356579498,0.0747011523689,0.075585050821,0.0766253914771,0.077384136166,0.0779551502103,0.0784870537036,0.0790424235275,0.0801453410651,0.0802157400569,0.080059297853,0.0800358315224,0.0805208023545,0.0809979510765,0.0810683500682,0.0814516334678,0.0816237198921,0.0818349168674,0.0811309269498,0.0813108354843,0.0815063882392,0.0815454987902,0.0819209600795,0.0819444264101,0.0826093057768,0.0832116082618,0.0839547087304,0.0845804775461,0.0854721981084,0.0856051739817,0.0859806352711,0.0862622312382,0.0866376925276,0.0873182161146,0.0879205185996,0.0881630040157,0.0880456723628,0.0883585567706,0.0886714411784,0.0889139265945,0.0892737436635,0.0896335607325,0.0898604019282,0.0899229788097,0.0896961376141,0.0902906179889,0.0908381657026,0.0911119395595,0.0914013576367,0.0915577998406,0.0920193043422,0.091972371681,0.0922305013175,0.0922696118685,0.0925355636151,0.0928406259127,0.0929344912351,0.0935602600507,0.0938809665688,0.0946631775883,0.0955783644812,0.0964857292639,0.0967047483494,0.0975573583607,0.0982535261682,0.0980032186419,0.0983708578211,0.0978311322176,0.0981361945152,0.0985820547964,0.0986602758983,0.0986993864493,0.0991608909509,0.0994033763669,0.0995754627912,0.100162121056,0.100443717023,0.101077307949,0.101609211442,0.101773475756,0.102109826495,0.102860749073,0.103478695779,0.103666426424,0.104346950011,0.105004007267,0.105715819295,0.10631029967,0.106584073527,0.106857847383,0.106896957934,0.107311529775,0.108078096574,0.108782086492,0.109016749797,0.109227946773,0.109579941732,0.109619052283,0.110182244217,0.111199118542,0.112169060206,0.112521055165,0.113217222973,0.114030722433,0.115297904285,0.116150514296,0.116510331365,0.117605426792,0.118239017718,0.118223373498,0.118403282032,0.119271536264,0.119381045807,0.11990512719,0.120593472887,0.12071080454,0.121367861796,0.121672924094,0.122619399428,0.123769249627,0.124864345054,0.125427536988,0.126053305804,0.126506988195,0.126577387187,0.127789814267,0.12871282327,0.129260370984,0.129682764934,0.13031635586,0.130777860362,0.130762216141,0.131223720643,0.131716513585,0.13231881607,0.132749032131,0.133765906457,0.134720203901,0.135142597851,0.136151650066,0.136574044017,0.137426654028,0.137974201742,0.139311782585,0.139421292128,0.140109637825,0.140352123241,0.140977892057,0.141368997567,0.141807035738,0.142346761341,0.143003818598,0.14387989494,0.143989404482,0.145420850648,0.14628910488,0.147016561128,0.147955214352,0.148995555008,0.150184515757,0.151170101642,0.15189755789,0.15227301918,0.152734523681,0.153031763869,0.153266427175,0.153321181946,0.154228546729,0.155542661241,0.155996343633,0.156450026024,0.157818895308,0.158843591744,0.160173350477,0.161229335354,0.162332252891,0.163732410616,0.165116924121,0.165289010545,0.166376283863,0.168191013428,0.169270464635,0.171194703743,0.171945626322,0.172149001187,0.173134587072,0.17425314883,0.175223090494,0.176365118582,0.176404229133,0.176404229133,0.176873555745,0.176764046202,0.177992117503,0.179196722473,0.180518659096,0.181191360573,0.181824951499,0.182740138392,0.184320204651,0.185829871919,0.187198741203,0.18825472608,0.189029114989,0.190922065657,