# R script for Peak Model
#  -- generated by MACS
p <- c(0.028616137854,0.0337791262576,0.0389054977222,0.0435924659183,0.0479132647242,0.047766796968,0.0486272950353,0.0488469966695,0.0487005289134,0.0480231155413,0.0479498816632,0.0476386376814,0.0473457021692,0.0472907767606,0.0477484884985,0.0475837122729,0.0479681901327,0.0476569461509,0.0474738614558,0.0475837122729,0.0478583393156,0.0479132647242,0.04769356309,0.0484075934011,0.0483709764621,0.0489751559561,0.0487554543219,0.0488836136085,0.0492680914684,0.049396250755,0.0491582406513,0.0487371458524,0.0485357526877,0.0479681901327,0.0479681901327,0.0482062002364,0.0476386376814,0.0479498816632,0.0474921699253,0.0475470953338,0.047766796968,0.0485723696268,0.0496342608587,0.0493047084074,0.0495427185111,0.0489385390171,0.0494145592245,0.0495061015721,0.0497624201453,0.0499455048405,0.0494877931026,0.0485906780963,0.0478949562547,0.0485723696268,0.0486272950353,0.048865305139,0.0487554543219,0.048297742584,0.0485723696268,0.0490300813647,0.0497074947368,0.0500187387185,0.0501652064747,0.0497074947368,0.0495976439197,0.0496342608587,0.0488469966695,0.0487554543219,0.0493779422855,0.0487737627914,0.0487188373829,0.0484625188097,0.0484625188097,0.049359633816,0.0501285895356,0.0507693859687,0.0517763517921,0.0520143618958,0.051629884036,0.0518862026092,0.0522157550605,0.0530762531278,0.0530213277192,0.052160829652,0.0517946602616,0.0509341621944,0.0509341621944,0.0507510774992,0.0504398335174,0.0502750572918,0.0496342608587,0.0494511761635,0.0497807286148,0.0503849081089,0.0506229182126,0.0509707791334,0.0513369485237,0.0518678941397,0.0517397348531,0.0514101824018,0.0520143618958,0.0523988397557,0.0526917752679,0.0526368498594,0.0522889889386,0.0517580433226,0.0513003315847,0.0507510774992,0.0510806299505,0.051666500975,0.0519411280178,0.0515383416884,0.0507327690297,0.0506046097431,0.0507510774992,0.0515017247494,0.0517580433226,0.0520692873044,0.0518129687311,0.0513918739323,0.0504764504565,0.0505863012736,0.050567992804,0.0508609283163,0.0503482911698,0.0497441116758,0.04996381331,0.0498173455539,0.0499088879015,0.0508975452553,0.0516115755665,0.0518129687311,0.0523439143471,0.0520875957739,0.0522157550605,0.0524720736337,0.0522889889386,0.0522889889386,0.0528565514936,0.0525086905728,0.0522889889386,0.052765009146,0.052765009146,0.0530396361887,0.0532227208839,0.0535522733352,0.0532227208839,0.0532776462925,0.0530396361887,0.0528382430241,0.0524537651642,0.0515566501579,0.0515200332189,0.0513552569932,0.051666500975,0.0514101824018,0.0523072974081,0.0529664023107,0.0529114769021,0.0533874971096,0.053863517317,0.0540282935426,0.054467696811,0.0548521746709,0.0545409306891,0.0545409306891,0.0536438156828,0.0533142632315,0.0537353580304,0.0537536664999,0.0541930697683,0.053863517317,0.0532776462925,0.0525819244508,0.05336918864,0.0536804326218,0.0541930697683,0.0541747612988,0.05450431375,0.0543395375244,0.053863517317,0.0550718763051,0.0559872997809,0.0568844147872,0.0564450115188,0.0571773502994,0.0577082959154,0.0576533705068,0.0576716789764,0.0577082959154,0.0584223262265,0.057799838263,0.0575252112202,0.0575435196898,0.0574336688727,0.0568844147872,0.0559140659028,0.0571590418299,0.0574336688727,0.0579096890801,0.0576533705068,0.0571041164214,0.057305509586,0.0573787434641,0.0579646144886,0.0576899874459,0.0587701871473,0.0575801366288,0.0569393401957,0.056737947031,0.057268892647,0.0582026245923,0.0582575500009,0.0581660076533,0.0582392415314,0.0586420278607,0.0581110822448,0.0587518786778,0.0594476005194,0.0590814311291,0.0585871024522,0.0586054109217,0.0590081972511,0.0596123767451,0.0597405360317,0.0603630239953,0.0606559595075,0.0607108849161,0.0599053122574,0.0596306852146,0.060070088483,0.0598503868488,0.0598503868488,0.0588251125559,0.0588068040864,0.0582575500009,0.0585504855131,0.0588251125559,0.0590448141901,0.0599419291964,0.0600883969525,0.0606559595075,0.0602714816477,0.0605461086904,0.0608573526722,0.0612784474711,0.0610953627759,0.0614615321662,0.0619558608432,0.0616446168614,0.0612235220625,0.0609672034893,0.0620840201298,0.0622854132945,0.0625234233982,0.0624868064592,0.0624684979896,0.0621938709469,0.0620474031908,0.06283466738,0.0636036230996,0.064006409429,0.0629628266666,0.0636219315692,0.0630360605446,0.0627980504409,0.0627797419714,0.0628895927885,0.0628895927885,0.0626515826848,0.0627248165629,0.0625051149287,0.0625600403372,0.0621206370688,0.062303721764,0.0629994436056,0.0632008367703,0.0630177520751,0.0636768569777,0.063438846874,0.0635120807521,0.0642078025937,0.0646472058621,0.0653246192342,0.0664597443442,0.0666977544479,0.06737516782,0.0669906899602,0.0666062121003,0.0666428290394,0.0670089984297,0.0674300932286,0.0672287000639,0.0671554661858,0.0667160629174,0.0666794459784,0.0659654156673,0.0677230287408,0.067942730375,0.0689313877289,0.0685286013995,0.0688947707899,0.0702862144731,0.0717692005039,0.0728860171444,0.0746253217485,0.0773715921759,0.0776462192187,0.0789827374933,0.0806854251584,0.08251627211,0.0826993568052,0.0843471190616,0.0849146816166,0.0861413490742,0.0865075184645,0.086452593056,0.0871666233671,0.0874046334708,0.0866722946902,0.0867638370378,0.0877891113307,0.0877524943917,0.0887960771541,0.0879538875563,0.0872581657147,0.0876975689831,0.0882102061296,0.0888143856236,0.0896565752214,0.0896382667518,0.0895650328738,0.0888143856236,0.0879355790868,0.0883383654162,0.0891439380749,0.0886313009284,0.0891439380749,0.0900959784897,0.090956476557,0.0910846358436,0.0926957811611,0.0940689163748,0.0945815535212,0.0950209567896,0.0949111059725,0.0954054346495,0.0944717027041,0.0944350857651,0.0944167772956,0.0953505092409,0.0946364789298,0.0939224486187,0.0938675232101,0.0947463297469,0.0950209567896,0.0950758821982,0.0967785698632,0.0961560818996,0.0957899125093,0.0955885193446,0.0963574750643,0.0966321021071,0.0968884206803,0.0961560818996,0.096558868229,0.0960828480216,0.0946547873993,0.0957716040398,0.0949294144421,0.0953505092409,0.0949660313811,0.0949843398506,0.0956617532227,0.0959180717959,0.0963757835338,0.0974559832353,0.0980601627293,0.0978953865037,0.0991220539613,0.0989938946747,0.0993417555955,0.0999093181505,0.0994149894735,0.0995431487602,0.101721856633,0.101795090511,0.103223151133,0.103204842663,0.103204842663,0.103790713688,0.1040836492,0.103900564505,0.104321659304,0.104797679511,0.102234493779,0.102856981743,0.103479469706,0.105090615024,0.105639869109,0.106720068811,0.107049621262,0.108825542805,0.109667732403,0.110216986488,0.11089439986,0.111901365684,0.11164504711,0.111828131806,0.112725246812,0.112743555281,0.112505545178,0.111187335373,0.111150718433,0.111352111598,0.112066141909,0.110949325269,0.111352111598,0.11129718619,0.111370420068,0.111388728537,0.113512511001,0.114263158251,0.115123656319,0.11657002541,0.11733898113,0.119059977265,0.118638882466,0.118785350222,0.119279678899,0.119188136551,0.11849241471,0.120030326149,0.120707739521,0.120927441155,0.121604854527,0.122044257796,0.123472318418,0.124076497912,0.125138389144,0.126749534461,0.127426947833,0.128214212023,0.129038093151,0.128653615291,0.129239486316,0.130026750505,0.129587347236,0.130081675913,0.129935208157,0.130154909791,0.129093018559,0.129147943968,0.129953516627,0.130850631633,0.13132665184,0.131509736536,0.133065956445,0.134091230737,0.135262972786,0.136233321671,0.138027551683,0.138302178726,0.13778954158,0.138814815873,0.139821781696,0.140151334147,0.139748547818,0.139473920775,0.139235910672,0.139876707105,0.140883672928,0.14233004202,0.144252431319,0.145058003978,0.144893227752,0.146211437557,0.147749348997,0.149085867271,0.150440694015,0.150513927894,0.151758903821,0.152070147802,0.152143381681,0.152857411992,0.153992537102,0.155237513029,0.156830349877,0.158697813767,0.158880898463,0.15935691867,0.159301993261,0.160327267554,0.160070948981,0.160546969188,0.161462392664,0.160821596231,0.161663785829,0.160894830109,0.162469358488,0.164300205439,0.166021201574,0.168035133221,0.170506776605,0.171605284776,0.172099613453,0.174388172143,