# R script for Peak Model
#  -- generated by MACS
p <- c(0.0291155802052,0.0337577706989,0.0387379365175,0.0434497101663,0.0481515433643,0.0479527343496,0.0480620793077,0.0485591018445,0.049066064832,0.0490263030291,0.0489567198739,0.0494835637629,0.0488970771695,0.0493841592556,0.0496724323269,0.0497718368343,0.0500501694549,0.0493940997063,0.0491853502408,0.0492946951989,0.0493940997063,0.0493245165511,0.0502986807233,0.049781777285,0.0496127896225,0.0493940997063,0.0490163625783,0.0490859457335,0.049105826635,0.0488374344651,0.049105826635,0.0490263030291,0.0486485659011,0.0485093995908,0.0484000546327,0.0483602928298,0.048728089507,0.0486883277041,0.0485690422952,0.0486585063518,0.0485988636474,0.0483006501254,0.0482907096746,0.0484398164357,0.048539220943,0.0488374344651,0.0487380299577,0.0489766007754,0.0486783872533,0.0486187445489,0.048390114182,0.048728089507,0.0491157670857,0.0492449929453,0.0494139806078,0.0492151715931,0.0492350524945,0.0493841592556,0.049632670524,0.0493940997063,0.0491853502408,0.0489467794232,0.0486485659011,0.0487976726622,0.0484596973371,0.0484497568864,0.0480421984062,0.0477738062364,0.0481614838151,0.0487181490563,0.0488374344651,0.0493145761004,0.0492449929453,0.0495332660166,0.049632670524,0.0495730278195,0.0502290975681,0.050159514413,0.0499209435953,0.0493245165511,0.0494736233122,0.0491754097901,0.0493145761004,0.0491455884379,0.0490461839305,0.0491654693394,0.0489964816769,0.0493145761004,0.0493145761004,0.0498712413416,0.0501694548637,0.0500601099056,0.0498513604401,0.0497221345806,0.0499408244968,0.0497618963835,0.0494835637629,0.0494736233122,0.0493443974526,0.0492648738467,0.0489964816769,0.0491952906916,0.0490461839305,0.0486386254504,0.0484298759849,0.0488672558173,0.0488970771695,0.0489368389725,0.0495233255659,0.0493245165511,0.049254933396,0.0491853502408,0.0493145761004,0.0500402290041,0.0504080256814,0.0500203481027,0.050308621174,0.0503881447799,0.0498115986372,0.0502688593711,0.0507658819078,0.0510541549792,0.0511436190358,0.0512430235432,0.0512728448954,0.0514617134594,0.0515213561638,0.0516903438263,0.0519984977991,0.0517499865307,0.0512430235432,0.0508056437108,0.0509646909226,0.0505869537946,0.0504080256814,0.0504279065828,0.0503285020755,0.0496426109747,0.0494139806078,0.0497221345806,0.0499010626938,0.050159514413,0.0500203481027,0.0503881447799,0.0509646909226,0.0509050482181,0.0509448100211,0.0517301056292,0.0526545675476,0.0525054607866,0.0530521855771,0.052903078816,0.0532012923381,0.0522867708704,0.0521078427572,0.0519686764469,0.0518792123903,0.0514318921071,0.0513324875998,0.0510939167821,0.0509348695704,0.0509249291196,0.0507559414571,0.0512927257968,0.0508652864152,0.0510939167821,0.0512231426417,0.051362308952,0.0508752268659,0.0513821898535,0.0511336785851,0.0516804033755,0.0520183787006,0.0525551630403,0.0531217687322,0.0534597440573,0.053469684508,0.0535094463109,0.0538374811852,0.0535392676631,0.0536983148749,0.0532112327889,0.0531118282815,0.0532609350425,0.0532609350425,0.0526446270969,0.0530124237741,0.0535193867617,0.0539070643404,0.053807659833,0.0538374811852,0.0545333127367,0.0543941464264,0.0539170047911,0.0541158138058,0.0547520026529,0.0546028958919,0.0545333127367,0.0540661115521,0.0541356947073,0.0537678980301,0.0533503990992,0.0532112327889,0.0533305181977,0.0534498036065,0.0535690890153,0.0533106372962,0.0533503990992,0.0533802204514,0.0536088508183,0.0540462306507,0.0543543846235,0.0546625385963,0.0548414667095,0.0542152183132,0.054334503722,0.0550601566257,0.0548911689632,0.0548812285125,0.0547917644559,0.0549806330198,0.0548812285125,0.0551098588794,0.0550899779779,0.0556764645713,0.0557858095294,0.0557858095294,0.0559448567412,0.0560542016993,0.0564915815317,0.0563424747706,0.0560840230515,0.0558653331353,0.0562033084603,0.0561734871081,0.0561337253052,0.0556466432191,0.0562331298125,0.0563126534184,0.0560542016993,0.0561635466574,0.0564319388273,0.0567301523493,0.0566406882927,0.0565313433346,0.0569488422655,0.0573564007457,0.0568593782089,0.0569090804626,0.0571277703788,0.0572967580413,0.0577241974229,0.0577639592259,0.0574856266053,0.0572271748861,0.0568494377582,0.0567500332508,0.0568394973074,0.0568991400118,0.0570084849699,0.0572172344354,0.0570581872236,0.0574259839008,0.0576744951692,0.0582013390582,0.0580820536494,0.0580820536494,0.0580522322972,0.0584200289744,0.0587679447502,0.0588275874546,0.0592550268362,0.0592848481884,0.059414074048,0.0599011561341,0.0604975831782,0.0611337720253,0.0613624023922,0.0609250225599,0.0610542484194,0.0608753203062,0.0609150821091,0.0603087146142,0.060318655065,0.0606665708407,0.0609548439121,0.0605671663334,0.0604578213753,0.0610741293209,0.0607759157988,0.0613922237444,0.0613822832937,0.0619389485349,0.0624956137761,0.0618296035768,0.0617500799709,0.0622968047614,0.0624856733254,0.0625055542268,0.0631318026232,0.0633405520887,0.0636387656107,0.0643743589652,0.0645135252755,0.0656566771101,0.0662729850557,0.0667302457896,0.0677044099617,0.0685891100772,0.0693644652346,0.0699608922787,0.0706964856332,0.0709847587045,0.0713624958325,0.0711239250148,0.0711040441133,0.0709449969016,0.0712630913251,0.071153746367,0.0712531508744,0.0711338654655,0.0714420194384,0.0718992801722,0.0720980891869,0.0721974936943,0.0726547544281,0.0732810028245,0.0734897522899,0.0737680849105,0.0739470130238,0.0741756433907,0.0744440355606,0.0740961197848,0.0749012962944,0.0754977233386,0.0756965323533,0.0760941503827,0.0756965323533,0.0759351031709,0.075895341368,0.0759649245232,0.0757164132548,0.0761040908335,0.0758754604665,0.0763526021018,0.0767303392298,0.0764520066092,0.0768198032864,0.0767899819342,0.077326766274,0.0777740865571,0.0780325382762,0.0788277743351,0.0789570001946,0.078718429377,0.0790961665049,0.0800902115785,0.080825804933,0.0817204454992,0.0818596118095,0.0816111005411,0.0819888376691,0.0819490758661,0.0823566343463,0.0829232400382,0.0829828827426,0.0827940141787,0.0829431209397,0.0825455029103,0.0833109176169,0.083797999703,0.0841061536758,0.0846329975648,0.0852592459611,0.0852592459611,0.085905375259,0.0861837078796,0.0860445415693,0.0867503135715,0.0869491225862,0.0876548945885,0.0880525126179,0.0882215002804,0.0882115598297,0.0887682250709,0.088499832901,0.0892453667062,0.0901797690754,0.0902592926813,0.0901499477232,0.0905276848511,0.0905276848511,0.0908060174717,0.0917801816438,0.0924660727446,0.0930127975351,0.0931122020424,0.0937285099881,0.0947722573153,0.0950903517389,0.0958060641919,0.0961440395169,0.0968597519698,0.0969392755757,0.0973468340559,0.0980923678611,0.0985993308486,0.0986092712994,0.0991460556391,0.100080458008,0.100945277222,0.102247476269,0.102287238072,0.103142116835,0.103728603428,0.103937352894,0.104881695714,0.105935383492,0.106014907098,0.106611334142,0.106064609351,0.106382703775,0.107177939834,0.107724664624,0.108082520851,0.108947340065,0.10956364801,0.110816144803,0.111661083115,0.111959296638,0.113420542896,0.11442452842,0.115030895915,0.114981193661,0.116362916314,0.117227735528,0.117814222121,0.118370887362,0.119046838012,0.12077647644,0.121551831598,0.122734745235,0.124474324114,0.126015093978,0.127048900855,0.12834115945,0.129007169649,0.129325264073,0.130945557543,0.131641389094,0.133211980311,0.134225906286,0.134305429892,0.135239832261,0.13658179311,0.137645421339,0.138957560836,0.140349223939,0.14117428135,0.142108683719,0.142416837692,0.143838322147,0.144991414433,0.146074923563,0.146373137085,0.147019266383,0.148182299119,0.149305570052,0.150945744423,0.152566037893,0.153778772883,0.15346067846,0.155061091028,0.156691324949,0.157774834079,0.158748998251,0.159921971438,0.161104885075,0.161641669415,0.162625774038,0.164832554101,0.166721239741,0.168500580423,0.169633791807,0.171512536996,0.17360003165,0.175568240896,0.177148772563,0.178689542427,0.179872456065,0.181105071956,0.183431137428,0.185150835405,0.18750672223,0.188828802178,0.189932192209,0.191125046298,0.192258257682,0.193649920785,0.195011762535,0.195787117693,0.19696009088,0.197974016855,0.19885871697,0.20021061827,