# R script for Peak Model
#  -- generated by MACS
p <- c(0.0248364106466,0.0285618722436,0.0329316746829,0.0370906019374,0.0413432514962,0.041296390344,0.0414369738005,0.0416947101374,0.0412495291919,0.0415306961048,0.0415072655288,0.0417650018657,0.0419993076265,0.0421984675232,0.0419993076265,0.0421281757949,0.0418352935939,0.0418001477298,0.0419407311863,0.0416712795613,0.0420930299308,0.0424913497242,0.0419290158982,0.0418938700341,0.0417298560015,0.0416361336972,0.0418821547461,0.0419993076265,0.0423390509797,0.0421281757949,0.0419524464743,0.0412143833277,0.0412026680397,0.040991792855,0.0411909527517,0.0413198209201,0.0412612444799,0.0410855151593,0.0406403342137,0.0409566469908,0.0410503692952,0.0416244184092,0.0415424113929,0.0412143833277,0.0411792374636,0.0411323763115,0.0410620845832,0.0410737998712,0.0414369738005,0.0410620845832,0.04072234123,0.0408746399746,0.0409449317028,0.0414018279364,0.0417532865776,0.0421047452188,0.0421867522351,0.0417767171537,0.0419875923384,0.0423039051155,0.042713940197,0.042725655485,0.0429365306697,0.0429599612458,0.0423859121318,0.0423624815557,0.0427490860611,0.0433231351751,0.0430888294143,0.0430771141262,0.0428896695176,0.0428662389415,0.0429482459578,0.042713940197,0.0430419682621,0.0429599612458,0.043006822398,0.0427725166372,0.0429482459578,0.0428193777893,0.0431005447023,0.0429248153817,0.042725655485,0.0429013848056,0.043287989311,0.0431122599904,0.0428193777893,0.0432528434468,0.0431122599904,0.0431356905664,0.0430419682621,0.0431122599904,0.0434988644957,0.0436394479522,0.0431474058545,0.0432176975827,0.043018537686,0.0426319331807,0.0427842319252,0.043006822398,0.0425967873166,0.0425382108764,0.0427959472133,0.0428193777893,0.0430888294143,0.0435340103598,0.0436980243924,0.0438268925609,0.0434754339196,0.0434871492077,0.0438268925609,0.0442486429303,0.0436511632402,0.0437566008326,0.0432294128708,0.0428193777893,0.0425967873166,0.0425382108764,0.0425030650122,0.0426319331807,0.0423390509797,0.0422453286753,0.0422921898275,0.0420227382026,0.0420695993547,0.042713940197,0.0429716765339,0.0433582810392,0.0433348504631,0.0433934269033,0.0437448855446,0.0439206148652,0.0437097396804,0.0434754339196,0.044143205338,0.0437566008326,0.0440611983217,0.0439557607293,0.0438034619848,0.0435457256479,0.0434637186316,0.0431474058545,0.0435105797837,0.0441900664901,0.0437917466967,0.0435925868,0.0432059822947,0.0433699963273,0.0439323301532,0.0436043020881,0.0439557607293,0.043862038425,0.0438854690011,0.0433114198871,0.0434051421914,0.0438268925609,0.0436277326642,0.0430888294143,0.0430888294143,0.0434402880555,0.043287989311,0.043287989311,0.0435925868,0.0442603582184,0.0446235321476,0.044154920626,0.0442369276423,0.0444946639792,0.0442720735064,0.0445298098433,0.0442369276423,0.0446235321476,0.0449749907889,0.0453498800062,0.045291303566,0.0453264494301,0.0455138940387,0.0454318870224,0.0455373246148,0.0459356444082,0.0463691100657,0.0459356444082,0.0455256093268,0.0447758308922,0.0451858659736,0.0455607551909,0.0457833456637,0.0463573947777,0.0464979782342,0.045888783256,0.0455256093268,0.045584185767,0.0454201717344,0.0457950609517,0.0451858659736,0.04472896974,0.0445883862835,0.044154920626,0.0443072193705,0.0444946639792,0.0447524003161,0.0449398449247,0.0454318870224,0.0451741506855,0.0450452825171,0.045595901055,0.0462402418973,0.0462753877614,0.046439401794,0.0466502769787,0.0466268464026,0.0467791451471,0.0466502769787,0.0470837426362,0.0474352012774,0.0474820624296,0.0470954579243,0.0468845827395,0.0467088534189,0.0464979782342,0.0468025757232,0.0469665897558,0.0470485967721,0.0470485967721,0.0468142910113,0.0466268464026,0.0471071732123,0.0479506739512,0.0485012924892,0.0480561115436,0.0479038127991,0.0479741045273,0.0480561115436,0.0481966950001,0.0486535912337,0.0492627862118,0.0488527511304,0.0485950147935,0.048466146625,0.0490870568912,0.0494619461085,0.0493330779401,0.0494736613965,0.049590814277,0.0496845365813,0.0492979320759,0.0495322378367,0.0493916543803,0.049028480451,0.0492862167879,0.0493330779401,0.0496962518693,0.0494033696683,0.0496259601411,0.0499305576301,0.0504343150159,0.0503405927116,0.0503640232876,0.0505046067441,0.0503054468474,0.050738912505,0.0507740583691,0.0507974889452,0.0506686207767,0.0503171621355,0.0502468704072,0.0506569054887,0.0512309546027,0.0517464272765,0.051898726021,0.0516292743961,0.0515941285319,0.0520393094775,0.0519690177492,0.0524259139828,0.0525899280154,0.0529296713686,0.0530819701131,0.0532342688577,0.0540309084444,0.0543472212215,0.0549212703355,0.055050138504,0.0558819239549,0.0562919590363,0.05620995202,0.0554953194495,0.0556593334821,0.0555187500256,0.055331305417,0.0554015971452,0.0554601735854,0.0555187500256,0.0553664512811,0.0551087149442,0.0554484582974,0.0562333825961,0.056186521444,0.0569831610307,0.057358050248,0.058201550987,0.0585412943402,0.059361364503,0.0608257755081,0.0623839088176,0.064527806529,0.0663436761754,0.0685578656151,0.0699402696039,0.0712758124406,0.0724239106686,0.0743100720432,0.0752590103745,0.0751418574941,0.0758330594885,0.0758447747765,0.075973642945,0.0761259416895,0.0765359767709,0.0767937131078,0.077133456461,0.0769811577165,0.0778129431674,0.0783987075694,0.078269839401,0.07857443689,0.0789844719715,0.0793945070529,0.0801325701995,0.0807300498896,0.0804723135527,0.0810815085308,0.0809643556504,0.0809292097862,0.0817375646611,0.0823701902153,0.0826747877043,0.0822647526229,0.0812806684275,0.0815852659165,0.0818781481176,0.0819484398458,0.0822061761827,0.0830145310575,0.0824170513674,0.0818078563893,0.081714134085,0.0824404819435,0.0826865029924,0.0824170513674,0.0831316839379,0.0840923375573,0.0846429560952,0.0857793390352,0.0871031665838,0.0872320347522,0.0875834933935,0.0874311946489,0.0886730151813,0.0898796898495,0.0898796898495,0.0895516617843,0.090020273306,0.0890830502627,0.088895605654,0.0896453840886,0.0903014402189,0.0905708918439,0.0901725720505,0.0899265510016,0.0901022803222,0.0896219535126,0.0899031204255,0.0902662943548,0.0899499815777,0.090324870795,0.090887204621,0.0909340657731,0.0911215103818,0.0919650111207,0.0924570532185,0.0934177068378,0.0937925960551,0.0943900757452,0.0949758401472,0.0950227012994,0.0944135063213,0.094893833131,0.095491312821,0.0952101459081,0.0958662020383,0.0963816747121,0.096346528848,0.096627695761,0.0972368907391,0.0975532035162,0.0987950240486,0.0990996215376,0.0996033789234,0.0998611152603,0.0994276496028,0.0997673929559,0.100552317255,0.10093892176,0.101266949825,0.102754791406,0.102684499678,0.102930520727,0.102813367847,0.103082819472,0.104078618955,0.105015841998,0.105789051009,0.105800766297,0.106550544732,0.105988210906,0.106655982324,0.107230031438,0.10889360234,0.1102057146,0.111014069475,0.110838340155,0.110990638899,0.112138737127,0.113298550643,0.113849169181,0.114622378192,0.115805622284,0.116063358621,0.116602261871,0.117434047322,0.119074187647,0.119472507441,0.11935535456,0.119425646289,0.120093417707,0.120901772582,0.120843196141,0.121007210174,0.121721842745,0.121780419185,0.121440675832,0.122003009657,0.123385413646,0.123104246733,0.124474935434,0.124931831668,0.126513395553,0.127532625613,0.128587001536,0.129383641123,0.129664808036,0.130109988982,0.130520024063,0.13245304659,0.132827935807,0.133694867122,0.134971833519,0.136553397404,0.136916571334,0.137689780344,0.138826163284,0.139693094599,0.140478018898,0.141462103093,0.142668777762,0.143711438397,0.143887167718,0.143793445413,0.144191765207,0.146077926581,0.146980003761,0.149287915505,0.151127215727,0.151771556569,0.152392466835,0.15314224527,0.153997461297,0.155649316911,0.157922082791,0.15834383316,0.160382293279,0.161670974964,0.162619913295,0.163592282203,0.164775526295,0.166216506724,0.168196390403,0.169332773343,0.170281711674,0.171289226445,0.172144442472,0.172601338706,0.174100895575,0.175600452444,0.177392891515,0.178822156656,0.180462296981,0.182395319508,0.184164328002,0.1868119831,0.189073033691,0.191158354963,0.192833641153,0.195551587978,0.196512241597,0.198000083179,