# R script for Peak Model
#  -- generated by MACS
p <- c(0.0417048515037,0.0486196761839,0.055371833902,0.06228074342,0.0692488045605,0.0691245861531,0.0690269859758,0.0686927793082,0.0682491421388,0.0684029363575,0.0682609724633,0.0684650455612,0.0683881484519,0.0682195663275,0.068024365973,0.0678794444976,0.068071687271,0.068275760369,0.0683615302217,0.0683112513425,0.0682550573011,0.0679681719315,0.0684325121688,0.068459130399,0.068482791048,0.0685922215498,0.068825870459,0.0690062829079,0.0693020410208,0.0688879796627,0.0690151556513,0.0690565617871,0.0688465735269,0.0692073984247,0.0693937260358,0.0694942837942,0.069444004915,0.0691393740587,0.0688731917571,0.0691364164776,0.0693730229679,0.0689737495155,0.0689353009608,0.0686898217271,0.0688347432024,0.0688140401345,0.0687519309308,0.0690417738814,0.0691275437342,0.0693434471566,0.0689707919343,0.0692990834397,0.0693789381302,0.0692103560058,0.0693404895755,0.0693641502245,0.0690329011381,0.0686158821988,0.0686809489837,0.068825870459,0.0687815067421,0.0687903794855,0.0686602459158,0.0689057251495,0.0684887062103,0.068184075354,0.0684887062103,0.0687312278629,0.0685123668593,0.068275760369,0.0684561728179,0.0682609724633,0.0683763181274,0.0683496998972,0.0682461845577,0.0682195663275,0.0682816755312,0.0683556150595,0.0685182820216,0.0685596881574,0.0683023785991,0.0684975789537,0.0683733605462,0.0683556150595,0.068666161078,0.0689264282174,0.0685922215498,0.0686602459158,0.0686277125234,0.0686040518743,0.0689382585419,0.0688436159458,0.0689441737042,0.068734185444,0.06861883978,0.068642500429,0.0688199552968,0.0686040518743,0.0686247549422,0.0686927793082,0.0685034941159,0.0687962946477,0.0686809489837,0.0687016520516,0.0687608036742,0.0685626457385,0.0687430581874,0.0688731917571,0.0688791069193,0.0690062829079,0.0687460157685,0.0686720762403,0.0690476890437,0.0693730229679,0.0694647079829,0.0697515933525,0.0698521511109,0.0697811691638,0.069855108692,0.0694854110508,0.0696746962431,0.0697545509336,0.0694025987792,0.0693079561831,0.0689944525834,0.0688199552968,0.0686306701045,0.0687992522288,0.0686040518743,0.0685863063875,0.0689116403118,0.0690713496927,0.0691985256813,0.0692517621416,0.0696066718771,0.0692665500473,0.0692547197228,0.0692221863303,0.0693345744132,0.069488368632,0.0692990834397,0.0688820645005,0.068917555474,0.0687962946477,0.0686927793082,0.0691216285719,0.0691896529379,0.0692221863303,0.0692281014926,0.0693493623189,0.0692902106963,0.0694085139415,0.0691896529379,0.0692221863303,0.0692724652095,0.069236974236,0.0691127558285,0.0690861375984,0.0692399318171,0.0694558352395,0.069627374945,0.0696658234997,0.0700710121144,0.0700798848578,0.0697575085147,0.0698373632052,0.0700828424389,0.070198188103,0.0698580662731,0.0693818957113,0.0691512043832,0.0689944525834,0.0686543307535,0.0686543307535,0.0687933370666,0.0687134823761,0.068849531108,0.0687696764176,0.068893894825,0.0690979679229,0.0692428893982,0.0694587928207,0.0694794958886,0.0693316168321,0.0693375319944,0.069304998602,0.0692251439115,0.0690890951795,0.069284295534,0.0690269859758,0.0691216285719,0.0691600771266,0.0694735807263,0.069580053647,0.0697131447978,0.0699556664504,0.0697220175412,0.069946793707,0.0698107449751,0.0699053875712,0.0696510355941,0.0694410473339,0.0692488045605,0.0692073984247,0.0693375319944,0.0691659922889,0.0695001989565,0.0692517621416,0.0692517621416,0.0693197865076,0.0696125870394,0.0698373632052,0.0695977991337,0.0696894841488,0.0696303325262,0.0697131447978,0.0696835689865,0.0697604660959,0.0699320058014,0.0701804426162,0.0699822846806,0.0698905996655,0.0702484669822,0.0704377521745,0.0704880310537,0.0706181646233,0.0703431095783,0.0706654859214,0.0705974615554,0.0704347945933,0.0703874732953,0.0704821158914,0.0702869155369,0.0700798848578,0.0699822846806,0.069923133058,0.0697486357713,0.0692872531152,0.069284295534,0.0693730229679,0.0697545509336,0.0699260906391,0.0699172178957,0.0703017034425,0.070198188103,0.0701834001973,0.0707039344761,0.0709405409664,0.0709878622645,0.0709227954797,0.0707690012609,0.0706152070422,0.0705530978385,0.0702987458614,0.0704673279858,0.0708281528835,0.0705442250951,0.0704909886348,0.0704111339443,0.0703845157141,0.0704259218499,0.0704466249178,0.0708666014382,0.0710085653324,0.0711061655097,0.0707335102874,0.0706152070422,0.0707571709364,0.0705560554196,0.0707364678685,0.0705235220272,0.0705501402574,0.0705176068649,0.070449582499,0.0703933884575,0.0704673279858,0.0710026501701,0.0711682747134,0.071594166396,0.0718544335354,0.0720496338899,0.0722832827991,0.0722093432709,0.0724045436254,0.0727535381987,0.0726736835082,0.0725849560743,0.0726588956025,0.0728481807948,0.072738750293,0.0729102899985,0.0733361816811,0.0737236248091,0.0735402547791,0.0732356239227,0.0736319397941,0.0738419280542,0.0743210561972,0.0748948269363,0.0757880164373,0.0769148548475,0.0780742266502,0.0795145686602,0.0815819178695,0.0838001037165,0.0861395503897,0.0885647669157,0.0906587343552,0.0924983498176,0.0946100627439,0.0960829381463,0.0972334372056,0.0984312575629,0.0994013441733,0.100235382052,0.100300448837,0.100454243055,0.100930413617,0.101178850432,0.10114631704,0.1015130571,0.101767409077,0.101743748428,0.101924160877,0.102060209609,0.102373713208,0.102861714095,0.102619192442,0.102894247487,0.102870586838,0.102560040819,0.102252452382,0.1025629984,0.102267240288,0.102166682529,0.102225834152,0.102208088665,0.102545252914,0.102314561586,0.102240622057,0.102941568785,0.103479848551,0.103074659936,0.103296478521,0.103042126543,0.103231411736,0.102991847664,0.102808477634,0.102965229434,0.103343799819,0.103107193328,0.103222538992,0.103624770026,0.103663218581,0.103935316044,0.103754903596,0.103512381943,0.103391121117,0.10358336389,0.103518297105,0.103311266426,0.102897205068,0.102911992974,0.102891289906,0.103056914449,0.102900162649,0.103334927075,0.103604066958,0.103698709554,0.104059534452,0.104396698701,0.104600771799,0.104621474866,0.104793014572,0.104520917108,0.104982299764,0.104680626489,0.104583026312,0.10429022578,0.103737158109,0.103326054332,0.103255072385,0.103210708668,0.103314224007,0.103683921648,0.103618854864,0.104124601237,0.104331631916,0.10442035935,0.104476553391,0.104455850323,0.1045534505,0.104633305191,0.10450021404,0.104455850323,0.104624432448,0.104523874689,0.104438104836,0.104580068731,0.104662881002,0.104967511859,0.10507694236,0.105100603009,0.105144966726,0.105301718526,0.105159754632,0.105136093983,0.105174542538,0.105204118349,0.105298760945,0.105316506432,0.105124263658,0.10526031239,0.105218906255,0.105236651741,0.105227778998,0.105227778998,0.105452555164,0.105532409854,0.105414106609,0.105990834929,0.106431514518,0.106567563249,0.10667403617,0.106443344842,0.106668121008,0.107043733811,0.107194570449,0.107330619181,0.10761750455,0.107451880007,0.107209358355,0.107389770803,0.107289213045,0.107682571335,0.107661868267,0.107573140833,0.107644122781,0.107990159773,0.108093675112,0.10811437818,0.108549142606,0.108838985557,0.108966161545,0.109037143492,0.109037143492,0.108824197651,0.10871772473,0.108558015349,0.108954331221,0.109386138066,0.109155446738,0.108658573108,0.109125870926,0.109223471104,0.109182064968,0.109380222903,0.109442332107,0.109486695824,0.109460077594,0.109081507209,0.109013482843,0.109140658832,0.108770961191,0.108235639006,0.108197190452,0.108306620954,0.10829774821,0.107975371867,0.107803832162,0.107933965731,0.108235639006,0.108022693165,0.108282960304,0.108830112813,0.108975034289,0.109128828507,0.108862646206,0.109261919658,0.10942458662,0.109087422372,0.108889264436,0.109258962077,0.109383180485,0.109326986443,0.109951036061,0.109661193111,0.109980611873,0.109912587507,0.110095957537,0.110501146151,0.11091520751,0.110643110046,0.110362139838,0.110453824853,0.110311860959,0.110450867272,0.110702261668,0.111148856419,0.111015765268,0.111086747215,0.110962528808,0.111166601905,0.111453487275,0.111616154237,0.111406165977,0.111423911464,0.111462360018,0.111234626271,0.11149193583,0.111444614532,0.111764033294,