>ACCCTAACCGTA	1-ACCCTAACCGTA	10.409522	-387.825391	0	T:56.0(11.20%),B:2.2(0.01%),P:1e-168	Tpos:49.0,Tstd:24.6,Bpos:49.1,Bstd:14.7,StrandBias:-1.1,Multiplicity:11.86
0.700	0.100	0.100	0.100
0.100	0.700	0.100	0.100
0.100	0.700	0.100	0.100
0.100	0.700	0.100	0.100
0.100	0.100	0.100	0.700
0.700	0.100	0.100	0.100
0.700	0.100	0.100	0.100
0.100	0.700	0.100	0.100
0.100	0.700	0.100	0.100
0.100	0.100	0.700	0.100
0.100	0.100	0.100	0.700
0.700	0.100	0.100	0.100
>TAGGGTTRGGGT	2-TAGGGTTRGGGT	11.645482	-174.808506	0	T:59.0(11.80%),B:113.8(0.26%),P:1e-75	Tpos:55.1,Tstd:29.9,Bpos:50.9,Bstd:34.7,StrandBias:0.7,Multiplicity:1.80
0.001	0.099	0.001	0.899
0.674	0.001	0.273	0.052
0.001	0.001	0.997	0.001
0.043	0.001	0.955	0.001
0.001	0.001	0.997	0.001
0.233	0.116	0.001	0.650
0.068	0.001	0.080	0.851
0.563	0.001	0.435	0.001
0.001	0.001	0.997	0.001
0.088	0.001	0.910	0.001
0.021	0.001	0.977	0.001
0.233	0.001	0.047	0.719
>CTGTCAGCACTC	3-CTGTCAGCACTC	6.784056	-140.953316	0	T:129.0(25.80%),B:1884.6(4.26%),P:1e-61	Tpos:49.5,Tstd:24.6,Bpos:51.2,Bstd:33.3,StrandBias:-0.1,Multiplicity:1.21
0.050	0.876	0.049	0.025
0.049	0.024	0.001	0.926
0.001	0.025	0.925	0.049
0.074	0.024	0.001	0.901
0.001	0.997	0.001	0.001
0.949	0.001	0.001	0.049
0.148	0.152	0.626	0.074
0.049	0.877	0.049	0.025
0.768	0.025	0.074	0.133
0.089	0.764	0.146	0.001
0.099	0.138	0.057	0.706
0.060	0.689	0.099	0.152
>TGGAAAATGAGA	4-TGGAAAATGAGA	12.723645	-97.661558	0	T:18.0(3.60%),B:3.5(0.01%),P:1e-42	Tpos:49.6,Tstd:26.2,Bpos:48.6,Bstd:20.0,StrandBias:0.3,Multiplicity:1.39
0.038	0.038	0.001	0.923
0.001	0.038	0.923	0.038
0.288	0.001	0.710	0.001
0.997	0.001	0.001	0.001
0.997	0.001	0.001	0.001
0.960	0.001	0.001	0.038
0.997	0.001	0.001	0.001
0.001	0.001	0.001	0.997
0.001	0.001	0.960	0.038
0.997	0.001	0.001	0.001
0.038	0.001	0.923	0.038
0.997	0.001	0.001	0.001
>TGGAATATGGCG	5-TGGAATATGGCG	12.069881	-95.372064	0	T:15.0(3.00%),B:0.4(0.00%),P:1e-41	Tpos:43.1,Tstd:20.5,Bpos:69.0,Bstd:0.0,StrandBias:0.4,Multiplicity:1.07
0.001	0.001	0.001	0.997
0.237	0.237	0.525	0.001
0.240	0.001	0.758	0.001
0.997	0.001	0.001	0.001
0.995	0.001	0.001	0.003
0.001	0.236	0.001	0.762
0.997	0.001	0.001	0.001
0.001	0.001	0.001	0.997
0.001	0.001	0.762	0.236
0.236	0.001	0.762	0.001
0.240	0.758	0.001	0.001
0.256	0.001	0.742	0.001
>ACTTAGACCCAC	6-ACTTAGACCCAC	12.223430	-81.003429	0	T:13.0(2.60%),B:1.6(0.00%),P:1e-35	Tpos:51.5,Tstd:26.4,Bpos:34.5,Bstd:17.2,StrandBias:0.0,Multiplicity:1.69
0.674	0.051	0.224	0.051
0.107	0.790	0.102	0.001
0.229	0.051	0.001	0.719
0.001	0.155	0.255	0.589
0.795	0.153	0.001	0.051
0.051	0.102	0.846	0.001
0.846	0.051	0.001	0.102
0.105	0.793	0.051	0.051
0.331	0.515	0.001	0.153
0.001	0.846	0.001	0.152
0.795	0.001	0.051	0.153
0.051	0.795	0.153	0.001
>TCTCCTACTGTC	7-TCTCCTACTGTC	16.469366	-66.940217	0	T:11.0(2.20%),B:0.0(0.00%),P:1e-29	Tpos:45.0,Tstd:26.3,Bpos:0.0,Bstd:0.0,StrandBias:0.0,Multiplicity:1.45
0.001	0.001	0.001	0.997
0.001	0.997	0.001	0.001
0.001	0.001	0.001	0.997
0.001	0.997	0.001	0.001
0.001	0.997	0.001	0.001
0.001	0.001	0.001	0.997
0.958	0.040	0.001	0.001
0.001	0.911	0.001	0.087
0.001	0.001	0.001	0.997
0.001	0.001	0.997	0.001
0.001	0.001	0.001	0.997
0.001	0.997	0.001	0.001
>ATAGCACAACAT	8-ATAGCACAACAT	8.076648	-32.263058	0	T:16.0(3.20%),B:86.9(0.20%),P:1e-14	Tpos:49.3,Tstd:22.5,Bpos:50.3,Bstd:36.4,StrandBias:-1.3,Multiplicity:1.88
0.997	0.001	0.001	0.001
0.001	0.181	0.001	0.817
0.997	0.001	0.001	0.001
0.001	0.181	0.817	0.001
0.001	0.997	0.001	0.001
0.911	0.001	0.001	0.087
0.001	0.818	0.001	0.180
0.911	0.014	0.001	0.074
0.832	0.001	0.166	0.001
0.001	0.995	0.001	0.003
0.836	0.001	0.001	0.162
0.001	0.177	0.001	0.821
