>GGTTAGGGTT	1-GGTTAGGGTT	10.296193	-246.611295	0	T:56.0(11.20%),B:25.8(0.06%),P:1e-107	Tpos:49.6,Tstd:25.0,Bpos:50.8,Bstd:38.6,StrandBias:1.1,Multiplicity:12.55
0.100	0.100	0.700	0.100
0.100	0.100	0.700	0.100
0.100	0.100	0.100	0.700
0.100	0.100	0.100	0.700
0.700	0.100	0.100	0.100
0.100	0.100	0.700	0.100
0.100	0.100	0.700	0.100
0.100	0.100	0.700	0.100
0.100	0.100	0.100	0.700
0.100	0.100	0.100	0.700
>KDCTGWCASH	2-KDCTGWCASH	6.045106	-116.299979	0	T:179.0(35.80%),B:4637.1(10.48%),P:1e-50	Tpos:50.2,Tstd:25.7,Bpos:50.5,Bstd:35.4,StrandBias:-0.1,Multiplicity:1.34
0.105	0.117	0.326	0.452
0.365	0.071	0.249	0.315
0.080	0.518	0.254	0.148
0.026	0.036	0.016	0.922
0.024	0.066	0.909	0.001
0.480	0.009	0.036	0.474
0.022	0.923	0.022	0.033
0.943	0.001	0.043	0.013
0.120	0.358	0.455	0.067
0.343	0.327	0.073	0.257
>TAGACCCACC	3-TAGACCCACC	10.296193	-66.940217	0	T:11.0(2.20%),B:1.9(0.00%),P:1e-29	Tpos:50.8,Tstd:27.0,Bpos:69.6,Bstd:3.5,StrandBias:0.1,Multiplicity:1.91
0.100	0.100	0.100	0.700
0.700	0.100	0.100	0.100
0.100	0.100	0.700	0.100
0.700	0.100	0.100	0.100
0.100	0.700	0.100	0.100
0.100	0.700	0.100	0.100
0.100	0.700	0.100	0.100
0.700	0.100	0.100	0.100
0.100	0.700	0.100	0.100
0.100	0.700	0.100	0.100
>CAATMKTCCA	4-CAATMKTCCA	10.241406	-59.506340	0	T:15.0(3.00%),B:11.9(0.03%),P:1e-25	Tpos:42.8,Tstd:17.8,Bpos:49.0,Bstd:23.3,StrandBias:-0.4,Multiplicity:1.07
0.001	0.968	0.001	0.030
0.899	0.099	0.001	0.001
0.997	0.001	0.001	0.001
0.001	0.001	0.001	0.997
0.549	0.449	0.001	0.001
0.001	0.001	0.449	0.549
0.001	0.001	0.001	0.997
0.001	0.968	0.001	0.030
0.001	0.968	0.001	0.030
0.997	0.001	0.001	0.001
>ACTGHARRAC	5-ACTGHARRAC	9.250949	-47.303640	0	T:21.0(4.20%),B:86.6(0.20%),P:1e-20	Tpos:50.4,Tstd:24.0,Bpos:45.2,Bstd:28.8,StrandBias:-0.5,Multiplicity:1.55
0.962	0.036	0.001	0.001
0.074	0.851	0.001	0.074
0.037	0.074	0.163	0.726
0.037	0.074	0.637	0.252
0.332	0.200	0.163	0.305
0.814	0.148	0.001	0.037
0.332	0.126	0.431	0.111
0.371	0.074	0.518	0.037
0.852	0.074	0.037	0.037
0.001	0.925	0.037	0.037
>AAAATGAAAA	6-AAAATGAAAA	9.950498	-41.159456	0	T:21.0(4.20%),B:117.2(0.26%),P:1e-17	Tpos:50.4,Tstd:25.2,Bpos:54.6,Bstd:29.2,StrandBias:0.4,Multiplicity:1.67
0.986	0.012	0.001	0.001
0.710	0.288	0.001	0.001
0.685	0.001	0.288	0.026
0.710	0.288	0.001	0.001
0.002	0.001	0.002	0.995
0.001	0.001	0.997	0.001
0.710	0.288	0.001	0.001
0.578	0.288	0.133	0.001
0.984	0.014	0.001	0.001
0.637	0.361	0.001	0.001
>ACCATCTGAC	7-ACCATCTGAC	10.852927	-40.094984	0	T:12.0(2.40%),B:17.6(0.04%),P:1e-17	Tpos:44.4,Tstd:23.5,Bpos:60.3,Bstd:32.3,StrandBias:0.2,Multiplicity:1.58
0.997	0.001	0.001	0.001
0.001	0.997	0.001	0.001
0.001	0.997	0.001	0.001
0.997	0.001	0.001	0.001
0.001	0.001	0.001	0.997
0.001	0.997	0.001	0.001
0.001	0.001	0.055	0.943
0.001	0.001	0.918	0.080
0.997	0.001	0.001	0.001
0.001	0.997	0.001	0.001
>KCTGTGCTGT	8-KCTGTGCTGT	8.245918	-10.555744	0	T:18.0(3.60%),B:505.5(1.14%),P:1e-4	Tpos:52.2,Tstd:25.5,Bpos:50.4,Bstd:36.0,StrandBias:2.9,Multiplicity:3.28
0.001	0.016	0.462	0.521
0.001	0.947	0.051	0.001
0.001	0.001	0.001	0.997
0.084	0.025	0.890	0.001
0.010	0.001	0.001	0.988
0.001	0.001	0.997	0.001
0.011	0.987	0.001	0.001
0.001	0.001	0.001	0.997
0.015	0.001	0.983	0.001
0.017	0.011	0.001	0.971
>ACCCTAACCGTA	1-ACCCTAACCGTA	10.409522	-387.825391	0	T:56.0(11.20%),B:2.2(0.01%),P:1e-168	Tpos:49.0,Tstd:24.6,Bpos:49.1,Bstd:14.7,StrandBias:-1.1,Multiplicity:11.86
0.700	0.100	0.100	0.100
0.100	0.700	0.100	0.100
0.100	0.700	0.100	0.100
0.100	0.700	0.100	0.100
0.100	0.100	0.100	0.700
0.700	0.100	0.100	0.100
0.700	0.100	0.100	0.100
0.100	0.700	0.100	0.100
0.100	0.700	0.100	0.100
0.100	0.100	0.700	0.100
0.100	0.100	0.100	0.700
0.700	0.100	0.100	0.100
>TAGGGTTRGGGT	2-TAGGGTTRGGGT	11.645482	-174.808506	0	T:59.0(11.80%),B:113.8(0.26%),P:1e-75	Tpos:55.1,Tstd:29.9,Bpos:50.9,Bstd:34.7,StrandBias:0.7,Multiplicity:1.80
0.001	0.099	0.001	0.899
0.674	0.001	0.273	0.052
0.001	0.001	0.997	0.001
0.043	0.001	0.955	0.001
0.001	0.001	0.997	0.001
0.233	0.116	0.001	0.650
0.068	0.001	0.080	0.851
0.563	0.001	0.435	0.001
0.001	0.001	0.997	0.001
0.088	0.001	0.910	0.001
0.021	0.001	0.977	0.001
0.233	0.001	0.047	0.719
>CTGTCAGCACTC	3-CTGTCAGCACTC	6.784056	-140.953316	0	T:129.0(25.80%),B:1884.6(4.26%),P:1e-61	Tpos:49.5,Tstd:24.6,Bpos:51.2,Bstd:33.3,StrandBias:-0.1,Multiplicity:1.21
0.050	0.876	0.049	0.025
0.049	0.024	0.001	0.926
0.001	0.025	0.925	0.049
0.074	0.024	0.001	0.901
0.001	0.997	0.001	0.001
0.949	0.001	0.001	0.049
0.148	0.152	0.626	0.074
0.049	0.877	0.049	0.025
0.768	0.025	0.074	0.133
0.089	0.764	0.146	0.001
0.099	0.138	0.057	0.706
0.060	0.689	0.099	0.152
>TGGAAAATGAGA	4-TGGAAAATGAGA	12.723645	-97.661558	0	T:18.0(3.60%),B:3.5(0.01%),P:1e-42	Tpos:49.6,Tstd:26.2,Bpos:48.6,Bstd:20.0,StrandBias:0.3,Multiplicity:1.39
0.038	0.038	0.001	0.923
0.001	0.038	0.923	0.038
0.288	0.001	0.710	0.001
0.997	0.001	0.001	0.001
0.997	0.001	0.001	0.001
0.960	0.001	0.001	0.038
0.997	0.001	0.001	0.001
0.001	0.001	0.001	0.997
0.001	0.001	0.960	0.038
0.997	0.001	0.001	0.001
0.038	0.001	0.923	0.038
0.997	0.001	0.001	0.001
>TGGAATATGGCG	5-TGGAATATGGCG	12.069881	-95.372064	0	T:15.0(3.00%),B:0.4(0.00%),P:1e-41	Tpos:43.1,Tstd:20.5,Bpos:69.0,Bstd:0.0,StrandBias:0.4,Multiplicity:1.07
0.001	0.001	0.001	0.997
0.237	0.237	0.525	0.001
0.240	0.001	0.758	0.001
0.997	0.001	0.001	0.001
0.995	0.001	0.001	0.003
0.001	0.236	0.001	0.762
0.997	0.001	0.001	0.001
0.001	0.001	0.001	0.997
0.001	0.001	0.762	0.236
0.236	0.001	0.762	0.001
0.240	0.758	0.001	0.001
0.256	0.001	0.742	0.001
>ACTTAGACCCAC	6-ACTTAGACCCAC	12.223430	-81.003429	0	T:13.0(2.60%),B:1.6(0.00%),P:1e-35	Tpos:51.5,Tstd:26.4,Bpos:34.5,Bstd:17.2,StrandBias:0.0,Multiplicity:1.69
0.674	0.051	0.224	0.051
0.107	0.790	0.102	0.001
0.229	0.051	0.001	0.719
0.001	0.155	0.255	0.589
0.795	0.153	0.001	0.051
0.051	0.102	0.846	0.001
0.846	0.051	0.001	0.102
0.105	0.793	0.051	0.051
0.331	0.515	0.001	0.153
0.001	0.846	0.001	0.152
0.795	0.001	0.051	0.153
0.051	0.795	0.153	0.001
>TCTCCTACTGTC	7-TCTCCTACTGTC	16.469366	-66.940217	0	T:11.0(2.20%),B:0.0(0.00%),P:1e-29	Tpos:45.0,Tstd:26.3,Bpos:0.0,Bstd:0.0,StrandBias:0.0,Multiplicity:1.45
0.001	0.001	0.001	0.997
0.001	0.997	0.001	0.001
0.001	0.001	0.001	0.997
0.001	0.997	0.001	0.001
0.001	0.997	0.001	0.001
0.001	0.001	0.001	0.997
0.958	0.040	0.001	0.001
0.001	0.911	0.001	0.087
0.001	0.001	0.001	0.997
0.001	0.001	0.997	0.001
0.001	0.001	0.001	0.997
0.001	0.997	0.001	0.001
>ATAGCACAACAT	8-ATAGCACAACAT	8.076648	-32.263058	0	T:16.0(3.20%),B:86.9(0.20%),P:1e-14	Tpos:49.3,Tstd:22.5,Bpos:50.3,Bstd:36.4,StrandBias:-1.3,Multiplicity:1.88
0.997	0.001	0.001	0.001
0.001	0.181	0.001	0.817
0.997	0.001	0.001	0.001
0.001	0.181	0.817	0.001
0.001	0.997	0.001	0.001
0.911	0.001	0.001	0.087
0.001	0.818	0.001	0.180
0.911	0.014	0.001	0.074
0.832	0.001	0.166	0.001
0.001	0.995	0.001	0.003
0.836	0.001	0.001	0.162
0.001	0.177	0.001	0.821
>TGCTGTCA	1-TGCTGTCA	6.641823	-155.113702	0	T:182.0(36.40%),B:3691.5(8.34%),P:1e-67	Tpos:49.3,Tstd:25.7,Bpos:50.9,Bstd:37.2,StrandBias:0.0,Multiplicity:1.29
0.243	0.085	0.125	0.547
0.083	0.154	0.690	0.073
0.063	0.503	0.299	0.135
0.006	0.010	0.001	0.983
0.011	0.001	0.978	0.010
0.348	0.034	0.001	0.617
0.001	0.789	0.195	0.015
0.896	0.076	0.017	0.011
>TAGGGTTA	2-TAGGGTTA	8.236954	-145.186585	0	T:57.0(11.40%),B:167.0(0.38%),P:1e-63	Tpos:49.7,Tstd:25.7,Bpos:48.7,Bstd:49.9,StrandBias:1.0,Multiplicity:12.88
0.100	0.100	0.100	0.700
0.700	0.100	0.100	0.100
0.100	0.100	0.700	0.100
0.100	0.100	0.700	0.100
0.100	0.100	0.700	0.100
0.100	0.100	0.100	0.700
0.100	0.100	0.100	0.700
0.700	0.100	0.100	0.100
>AATGATAA	3-AATGATAA	7.486798	-42.326087	0	T:36.0(7.20%),B:461.7(1.04%),P:1e-18	Tpos:49.8,Tstd:21.3,Bpos:53.6,Bstd:35.7,StrandBias:-0.3,Multiplicity:1.17
0.997	0.001	0.001	0.001
0.832	0.166	0.001	0.001
0.001	0.001	0.001	0.997
0.001	0.001	0.997	0.001
0.997	0.001	0.001	0.001
0.167	0.001	0.003	0.829
0.997	0.001	0.001	0.001
0.997	0.001	0.001	0.001
>AAATGAGA	4-AAATGAGA	7.875139	-30.984758	0	T:19.0(3.80%),B:152.3(0.34%),P:1e-13	Tpos:56.2,Tstd:26.0,Bpos:47.6,Bstd:29.3,StrandBias:0.3,Multiplicity:1.32
0.997	0.001	0.001	0.001
0.997	0.001	0.001	0.001
0.997	0.001	0.001	0.001
0.001	0.041	0.001	0.957
0.001	0.001	0.997	0.001
0.997	0.001	0.001	0.001
0.001	0.001	0.997	0.001
0.997	0.001	0.001	0.001
>CACCTCTC	5-CACCTCTC	8.672427	-26.515666	0	T:29.0(5.80%),B:511.8(1.16%),P:1e-11	Tpos:53.5,Tstd:30.2,Bpos:51.8,Bstd:34.2,StrandBias:0.6,Multiplicity:1.46
0.001	0.997	0.001	0.001
0.997	0.001	0.001	0.001
0.001	0.997	0.001	0.001
0.001	0.907	0.001	0.091
0.001	0.001	0.001	0.997
0.001	0.997	0.001	0.001
0.001	0.001	0.001	0.997
0.001	0.997	0.001	0.001
>ACTTAGAC	6-ACTTAGAC	8.236954	-25.223582	0	T:14.0(2.80%),B:96.5(0.22%),P:1e-10	Tpos:53.8,Tstd:27.6,Bpos:49.5,Bstd:39.5,StrandBias:0.3,Multiplicity:1.79
0.700	0.100	0.100	0.100
0.100	0.700	0.100	0.100
0.100	0.100	0.100	0.700
0.100	0.100	0.100	0.700
0.700	0.100	0.100	0.100
0.100	0.100	0.700	0.100
0.700	0.100	0.100	0.100
0.100	0.700	0.100	0.100
>TGMMAWAT	7-TGMMAWAT	5.997087	-23.620819	0	T:30.0(6.00%),B:618.3(1.40%),P:1e-10	Tpos:45.3,Tstd:26.4,Bpos:49.4,Bstd:30.7,StrandBias:0.0,Multiplicity:1.38
0.001	0.001	0.001	0.997
0.001	0.001	0.997	0.001
0.465	0.511	0.023	0.001
0.489	0.509	0.001	0.001
0.997	0.001	0.001	0.001
0.444	0.001	0.001	0.554
0.997	0.001	0.001	0.001
0.001	0.001	0.001	0.997
>ACAGCACA	8-ACAGCACA	8.239818	-10.945031	0	T:18.0(3.60%),B:490.1(1.11%),P:1e-4	Tpos:48.7,Tstd:26.5,Bpos:50.2,Bstd:37.1,StrandBias:-2.9,Multiplicity:4.00
0.997	0.001	0.001	0.001
0.001	0.937	0.001	0.061
0.997	0.001	0.001	0.001
0.001	0.001	0.997	0.001
0.001	0.997	0.001	0.001
0.997	0.001	0.001	0.001
0.001	0.965	0.001	0.033
0.997	0.001	0.001	0.001
