>GGTTAGGGTT	1-GGTTAGGGTT	10.296193	-246.611295	0	T:56.0(11.20%),B:25.8(0.06%),P:1e-107	Tpos:49.6,Tstd:25.0,Bpos:50.8,Bstd:38.6,StrandBias:1.1,Multiplicity:12.55
0.100	0.100	0.700	0.100
0.100	0.100	0.700	0.100
0.100	0.100	0.100	0.700
0.100	0.100	0.100	0.700
0.700	0.100	0.100	0.100
0.100	0.100	0.700	0.100
0.100	0.100	0.700	0.100
0.100	0.100	0.700	0.100
0.100	0.100	0.100	0.700
0.100	0.100	0.100	0.700
>KDCTGWCASH	2-KDCTGWCASH	6.045106	-116.299979	0	T:179.0(35.80%),B:4637.1(10.48%),P:1e-50	Tpos:50.2,Tstd:25.7,Bpos:50.5,Bstd:35.4,StrandBias:-0.1,Multiplicity:1.34
0.105	0.117	0.326	0.452
0.365	0.071	0.249	0.315
0.080	0.518	0.254	0.148
0.026	0.036	0.016	0.922
0.024	0.066	0.909	0.001
0.480	0.009	0.036	0.474
0.022	0.923	0.022	0.033
0.943	0.001	0.043	0.013
0.120	0.358	0.455	0.067
0.343	0.327	0.073	0.257
>TAGACCCACC	3-TAGACCCACC	10.296193	-66.940217	0	T:11.0(2.20%),B:1.9(0.00%),P:1e-29	Tpos:50.8,Tstd:27.0,Bpos:69.6,Bstd:3.5,StrandBias:0.1,Multiplicity:1.91
0.100	0.100	0.100	0.700
0.700	0.100	0.100	0.100
0.100	0.100	0.700	0.100
0.700	0.100	0.100	0.100
0.100	0.700	0.100	0.100
0.100	0.700	0.100	0.100
0.100	0.700	0.100	0.100
0.700	0.100	0.100	0.100
0.100	0.700	0.100	0.100
0.100	0.700	0.100	0.100
>CAATMKTCCA	4-CAATMKTCCA	10.241406	-59.506340	0	T:15.0(3.00%),B:11.9(0.03%),P:1e-25	Tpos:42.8,Tstd:17.8,Bpos:49.0,Bstd:23.3,StrandBias:-0.4,Multiplicity:1.07
0.001	0.968	0.001	0.030
0.899	0.099	0.001	0.001
0.997	0.001	0.001	0.001
0.001	0.001	0.001	0.997
0.549	0.449	0.001	0.001
0.001	0.001	0.449	0.549
0.001	0.001	0.001	0.997
0.001	0.968	0.001	0.030
0.001	0.968	0.001	0.030
0.997	0.001	0.001	0.001
>ACTGHARRAC	5-ACTGHARRAC	9.250949	-47.303640	0	T:21.0(4.20%),B:86.6(0.20%),P:1e-20	Tpos:50.4,Tstd:24.0,Bpos:45.2,Bstd:28.8,StrandBias:-0.5,Multiplicity:1.55
0.962	0.036	0.001	0.001
0.074	0.851	0.001	0.074
0.037	0.074	0.163	0.726
0.037	0.074	0.637	0.252
0.332	0.200	0.163	0.305
0.814	0.148	0.001	0.037
0.332	0.126	0.431	0.111
0.371	0.074	0.518	0.037
0.852	0.074	0.037	0.037
0.001	0.925	0.037	0.037
>AAAATGAAAA	6-AAAATGAAAA	9.950498	-41.159456	0	T:21.0(4.20%),B:117.2(0.26%),P:1e-17	Tpos:50.4,Tstd:25.2,Bpos:54.6,Bstd:29.2,StrandBias:0.4,Multiplicity:1.67
0.986	0.012	0.001	0.001
0.710	0.288	0.001	0.001
0.685	0.001	0.288	0.026
0.710	0.288	0.001	0.001
0.002	0.001	0.002	0.995
0.001	0.001	0.997	0.001
0.710	0.288	0.001	0.001
0.578	0.288	0.133	0.001
0.984	0.014	0.001	0.001
0.637	0.361	0.001	0.001
>ACCATCTGAC	7-ACCATCTGAC	10.852927	-40.094984	0	T:12.0(2.40%),B:17.6(0.04%),P:1e-17	Tpos:44.4,Tstd:23.5,Bpos:60.3,Bstd:32.3,StrandBias:0.2,Multiplicity:1.58
0.997	0.001	0.001	0.001
0.001	0.997	0.001	0.001
0.001	0.997	0.001	0.001
0.997	0.001	0.001	0.001
0.001	0.001	0.001	0.997
0.001	0.997	0.001	0.001
0.001	0.001	0.055	0.943
0.001	0.001	0.918	0.080
0.997	0.001	0.001	0.001
0.001	0.997	0.001	0.001
>KCTGTGCTGT	8-KCTGTGCTGT	8.245918	-10.555744	0	T:18.0(3.60%),B:505.5(1.14%),P:1e-4	Tpos:52.2,Tstd:25.5,Bpos:50.4,Bstd:36.0,StrandBias:2.9,Multiplicity:3.28
0.001	0.016	0.462	0.521
0.001	0.947	0.051	0.001
0.001	0.001	0.001	0.997
0.084	0.025	0.890	0.001
0.010	0.001	0.001	0.988
0.001	0.001	0.997	0.001
0.011	0.987	0.001	0.001
0.001	0.001	0.001	0.997
0.015	0.001	0.983	0.001
0.017	0.011	0.001	0.971
