# R script for Peak Model
#  -- generated by MACS
p <- c(0.0272071968048,0.0323582416891,0.0368870126947,0.0412775006162,0.045979125477,0.046912536295,0.0477422347998,0.0480188009681,0.0468433947529,0.0466705408977,0.0473273855474,0.046877965524,0.0471545316922,0.0471199609212,0.046947107066,0.0462556916453,0.044942002346,0.0442505869253,0.0445962946356,0.0441468746122,0.0448037192618,0.0445962946356,0.0443197284673,0.0439394499859,0.0440431622991,0.0441123038411,0.0452531392853,0.044976573117,0.0453222808274,0.0454605639115,0.0443542992384,0.044976573117,0.0458754131639,0.046877965524,0.0470853901502,0.0472582440053,0.0473273855474,0.0478459471129,0.0476039517157,0.0477076640288,0.047880517884,0.0467396824398,0.044942002346,0.045011143888,0.0444234407804,0.0442505869253,0.0436283130466,0.0435591715046,0.0437320253597,0.0436974545887,0.0442160161542,0.0448382900329,0.0460136962481,0.0457025593088,0.0455642762246,0.045979125477,0.0461174085612,0.0461519793322,0.0455642762246,0.0456334177667,0.0455642762246,0.0452531392853,0.0451494269722,0.0446308654067,0.0457371300798,0.0453222808274,0.0452531392853,0.0445271530935,0.0447691484908,0.044976573117,0.0446308654067,0.0443197284673,0.0433517468783,0.0439048792149,0.0428331853128,0.0425911899156,0.0432134637942,0.043974020757,0.0441468746122,0.0438703084439,0.0432134637942,0.043974020757,0.0453222808274,0.045011143888,0.0455297054536,0.0451839977432,0.044942002346,0.044942002346,0.0448728608039,0.0445617238646,0.0449074315749,0.0447691484908,0.0446308654067,0.0442160161542,0.0436283130466,0.0439048792149,0.0438011669018,0.0436628838177,0.0433863176494,0.0438011669018,0.0433863176494,0.042971468397,0.0422109114342,0.0428331853128,0.0433863176494,0.0437665961308,0.0436283130466,0.0440777330701,0.0447345777198,0.0447345777198,0.0456679885377,0.0468433947529,0.0466705408977,0.0475002394026,0.0477768055709,0.0478459471129,0.0480533717392,0.0478459471129,0.0478459471129,0.0480188009681,0.0471199609212,0.0467396824398,0.0476039517157,0.0470508193791,0.0472236732343,0.0471891024633,0.0477422347998,0.0482262255943,0.0485719333047,0.0480879425102,0.0482607963654,0.0481570840523,0.047949659426,0.0482262255943,0.0480879425102,0.047880517884,0.0472582440053,0.0470162486081,0.0467742532108,0.0470508193791,0.0479842301971,0.047949659426,0.0482607963654,0.0468433947529,0.0456334177667,0.0457717008508,0.0454605639115,0.0455642762246,0.0453914223694,0.0450457146591,0.0445617238646,0.0447345777198,0.0443197284673,0.0454605639115,0.0453914223694,0.0454951346825,0.0460828377901,0.0462556916453,0.0458754131639,0.0460136962481,0.0463939747295,0.0460828377901,0.0466705408977,0.0472236732343,0.0483645086785,0.0487102163888,0.0488139287019,0.0485719333047,0.047915088655,0.0478459471129,0.0476039517157,0.047915088655,0.0474310978605,0.0462211208743,0.0463939747295,0.0464631162715,0.0456679885377,0.0455642762246,0.0470162486081,0.0475002394026,0.047949659426,0.0471545316922,0.0477076640288,0.0477076640288,0.0472928147764,0.0471891024633,0.0481570840523,0.0472928147764,0.046877965524,0.0470508193791,0.0464631162715,0.0472236732343,0.0465322578136,0.0474656686316,0.0472236732343,0.0474656686316,0.047949659426,0.0487793579309,0.0482262255943,0.0479842301971,0.0487102163888,0.0485373625337,0.0483990794495,0.0482262255943,0.0479842301971,0.0475002394026,0.0464285455005,0.0464631162715,0.0462902624164,0.0460482670191,0.045979125477,0.0450457146591,0.044942002346,0.0441123038411,0.0452185685143,0.0455297054536,0.0450802854301,0.0452877100563,0.0457025593088,0.0458754131639,0.045011143888,0.045909983935,0.0464976870426,0.0468088239819,0.0460828377901,0.0453914223694,0.0464285455005,0.0460828377901,0.0461865501032,0.0460136962481,0.0462902624164,0.0460828377901,0.0464631162715,0.0470853901502,0.0478113763419,0.047880517884,0.0473273855474,0.0482953671364,0.0492633487254,0.0493324902675,0.0496781979778,0.0505770380247,0.0496436272068,0.0487793579309,0.0487102163888,0.0494016318095,0.0504387549406,0.0494016318095,0.0487793579309,0.0493670610385,0.0494362025806,0.0485027917626,0.0492287779544,0.0501967595433,0.0504387549406,0.0504387549406,0.0499893349171,0.0499201933751,0.0497127687489,0.0495744856647,0.0496436272068,0.0501276180013,0.0499201933751,0.0496090564357,0.049816481062,0.0492287779544,0.0490559240992,0.0501276180013,0.050819033422,0.0508881749641,0.0504733257116,0.0506116087958,0.0514067365296,0.0511647411323,0.0510610288192,0.0510955995903,0.0512684534454,0.0513375949875,0.0506116087958,0.0500239056882,0.0507498918799,0.0515795903848,0.0511647411323,0.0512338826744,0.0506116087958,0.0520290104082,0.0523747181186,0.0519598688662,0.0532044166234,0.0538958320441,0.0536884074179,0.052789567371,0.0530315627682,0.0542415397545,0.0543452520676,0.053722978189,0.0535155535627,0.0535501243338,0.0538266905021,0.0534118412496,0.0533426997076,0.0543452520676,0.0548292428621,0.0551058090304,0.0565923521849,0.0575257630028,0.0584591738208,0.059600009265,0.0599802877464,0.0618471093823,0.0639213556444,0.0639559264154,0.0638867848734,0.0643707756678,0.0644053464389,0.0650276203175,0.0646127710651,0.0647510541492,0.064509058752,0.0646819126072,0.064509058752,0.0646819126072,0.0657881772803,0.0654078987989,0.0660647434486,0.0667215880983,0.0675858573741,0.0687612635893,0.06945267901,0.069383537468,0.0686921220473,0.0692452543838,0.0691761128418,0.0702132359728,0.0711466467908,0.0714232129591,0.0730134684267,0.0729097561136,0.072322053006,0.0739123084736,0.0748457192916,0.075260568544,0.0753988516281,0.0759519839647,0.0753297100861,0.0736011715343,0.0722529114639,0.0723911945481,0.0737048838474,0.0721837699218,0.0721837699218,0.0724949068612,0.0726331899453,0.0723911945481,0.0718380622115,0.0724603360901,0.0732554638239,0.0736357423053,0.0729788976557,0.0730826099688,0.074292586955,0.0737394546184,0.0745345823522,0.0747765777495,0.0754334223992,0.0759174131937,0.0755371347123,0.0753297100861,0.0751568562309,0.0751222854598,0.0739814500157,0.0742234454129,0.0741543038709,0.074292586955,0.0748111485205,0.0750877146888,0.0751568562309,0.0753988516281,0.0767816824695,0.0780608009979,0.0780953717689,0.0786830748765,0.0780608009979,0.0775076686613,0.076228550133,0.0764705455302,0.0768162532406,0.0758482716516,0.0754679931702,0.0756408470254,0.0758482716516,0.0764014039882,0.077196531722,0.0778188056006,0.0783373671661,0.0786485041055,0.0787176456475,0.0794090610682,0.0797201980075,0.0798239103207,0.0807573211386,0.0798239103207,0.0799621934048,0.0798584810917,0.0807227503676,0.0802733303441,0.0804116134283,0.0805498965124,0.0813450242462,0.0809647457648,0.0816561611855,0.0834192705083,0.0832464166532,0.0844218228684,0.0854243752284,0.087049201467,0.0875331922615,0.0894691554395,0.0892963015843,0.0912322647623,0.0913705478465,0.0905754201127,0.0914051186175,0.0920273924961,0.0925113832906,0.0923385294355,0.0929953740851,0.0915434017016,0.0922002463513,0.0920273924961,0.0915434017016,0.0925459540617,0.0927188079168,0.0924768125196,0.0921656755803,0.0929953740851,0.092891661772,0.0942053510714,0.0954844695997,0.0964524511887,0.0979044235721,0.097766140488,0.0993218251846,0.0999095282922,0.101568925302,0.101396071447,0.102087486867,0.103090039227,0.102951756143,0.101672637615,0.101949203783,0.102294911494,0.10385059619,0.104196303901,0.104680294695,0.1055099932,0.107895376401,0.108967070303,0.108794216448,0.110730179626,0.111456165818,0.113703265935,0.114498393669,0.116019507595,0.116952918413,0.117298626123,0.11653806916,0.117644333833,0.119476584698,0.120340853974,0.122000250984,0.124109068017,0.124109068017,0.12656359276,0.125319045003,0.126667305074,0.128568697481,0.129674962154,0.130435519116,0.131299788392,0.132302340752,0.133062897715,0.13423830393,0.133927166991,0.136416262506,0.138525079539,0.139181924188,0.140322759633,0.142051298184,0.14492067218,0.145888653769,0.145335521433,0.146891206129,0.149138306247,0.151177981738,0.152353387953,0.155084478865,0.154496775757,0.156951300501,0.156571022019,0.158679839052,0.160719514543,0.162206057698,