# R script for Peak Model
#  -- generated by MACS
p <- c(0.0262932926155,0.0308512614713,0.0353961577586,0.0400303832635,0.0442963980913,0.0444837715719,0.0444293025369,0.0443639396948,0.0443290795123,0.0445077379474,0.0444053361614,0.0443857273088,0.0444031574,0.0441373485088,0.0443094706597,0.0444271237755,0.0445077379474,0.0447299716105,0.0447386866561,0.0446493574386,0.0449413114666,0.0449609203193,0.0449696353649,0.0450066743087,0.0449805291719,0.0448280158737,0.0448977362386,0.0449086300456,0.0450175681158,0.0451068973333,0.0449086300456,0.044899915,0.0449979592631,0.0453008070982,0.0455666159894,0.0456646602526,0.0456864478666,0.0456472301613,0.0457648832771,0.045823709835,0.0460786249192,0.0461679541367,0.046061194828,0.0457518107087,0.0455077894315,0.0454271752596,0.0455775097964,0.045677732821,0.0456603027297,0.0454032088842,0.0453770637473,0.045316058428,0.0452855557684,0.0455709735122,0.0457322018561,0.0456690177754,0.0457191292876,0.0457932071753,0.0457169505262,0.0461025912946,0.046061194828,0.0460677311122,0.0463466125718,0.0463771152314,0.0462267806946,0.0463836515157,0.0463662214244,0.0461243789087,0.0463509700946,0.046331361242,0.0465535949051,0.0466385665998,0.0464206904595,0.0462659983999,0.0465644887121,0.0465840975648,0.0464729807332,0.0468019737051,0.0465579524279,0.0464315842665,0.0461374514771,0.0460219771227,0.0459718656104,0.0461723116595,0.0461635966139,0.0460655523508,0.0459152178139,0.0459304691438,0.0460764461578,0.046207171842,0.0462856072525,0.0464599081648,0.0465230922455,0.046477338256,0.046466444449,0.0468172250349,0.0470438162209,0.0468869453998,0.0468847666384,0.047028564891,0.0471048215402,0.0472202958945,0.0471810781893,0.0473074463507,0.0473662729086,0.047266049884,0.0471963295191,0.0473945968068,0.0475100711612,0.0472943737822,0.0473597366243,0.0472725861682,0.047503534877,0.0473161613963,0.0473640941472,0.0472725861682,0.047390239284,0.0473009100665,0.0472900162594,0.0473924180454,0.0474664959331,0.0474817472629,0.0474033118524,0.0475296800138,0.0477235897787,0.0479545384875,0.0482290624243,0.0483815757225,0.0483292854488,0.0482159898559,0.0482050960488,0.0482966040278,0.0484229721892,0.0485057651225,0.0483183916418,0.0483271066874,0.0483336429716,0.0484730837015,0.0488848696067,0.0491833599189,0.0495341405049,0.0495384980277,0.0496408998136,0.0496844750417,0.0496779387575,0.0498152007259,0.0498609547154,0.0497389440768,0.0496714024733,0.0497781617821,0.0496822962803,0.0497149777014,0.0498304520557,0.0499088874663,0.0501158697996,0.0501703388347,0.0500396131505,0.0502095565399,0.0501376574136,0.0502139140627,0.0503402822241,0.0506126273995,0.0506758114802,0.0508021796416,0.0507259229925,0.0507063141399,0.0510048044521,0.0510505584416,0.0513926239819,0.0513207248556,0.051155138989,0.0510810611013,0.0510156982592,0.0511899991714,0.0513032947644,0.0513425124697,0.0513969815047,0.0515277071889,0.0513860876977,0.0514536293012,0.0518806665363,0.0519416718556,0.0520745763012,0.0520593249713,0.0523316701468,0.0526258029362,0.0525626188555,0.0524798259222,0.0525647976169,0.0528415003151,0.052765243666,0.0528632879292,0.053013622466,0.0530898791151,0.0530680915011,0.0531029516835,0.0534951287361,0.0537957978098,0.0538742332203,0.0539090934028,0.0542010474308,0.0545017165045,0.0546781961782,0.0547914917711,0.0548524970904,0.0549026086027,0.054996295343,0.0550006528659,0.0552141714834,0.0553209307921,0.0551923838693,0.0550943396062,0.0552294228132,0.0552141714834,0.0554974104658,0.0554647290448,0.0552468529044,0.0553710423044,0.05562813615,0.0557566830728,0.0558372972447,0.0559505928377,0.0559919893044,0.0563471274131,0.0565018194728,0.0569201416622,0.057194665599,0.0575127647639,0.0574060054551,0.0574299718306,0.0576870656762,0.057994271034,0.0580509188305,0.0581620356621,0.0579572320902,0.0580008073183,0.0581642144235,0.0581337117639,0.0582840463007,0.0584474534059,0.0582992976305,0.0582491861182,0.0584300233147,0.0581424268095,0.0586871171603,0.0586980109673,0.0586675083077,0.0587045472515,0.0589812499498,0.0593254942515,0.0598048217602,0.0601447085391,0.0605564944444,0.0609661015882,0.0608920237005,0.0609987830092,0.0612428042864,0.0614824680408,0.0614214627215,0.0614824680408,0.0614868255636,0.0614171051987,0.0613408485496,0.0613626361636,0.0614955406092,0.0619530805039,0.0621600628372,0.0622472132934,0.0623169336583,0.0623212911811,0.0623605088863,0.0625086646618,0.0625936363565,0.0628529089635,0.0629945284547,0.0629553107494,0.0629814558863,0.0629683833179,0.0634433533038,0.0637897763669,0.0642211711248,0.0644129021283,0.0646285995072,0.0649423411493,0.0653671996229,0.0654347412264,0.0656852987878,0.0660077554755,0.0661341236369,0.0661079785001,0.0660796546018,0.0662801006509,0.0663498210158,0.0666287024755,0.066572054679,0.0667158529316,0.0670513821877,0.0672823308965,0.0674588105701,0.067733334507,0.0681189752754,0.0684784709069,0.0688815417665,0.0692323223525,0.0698314817384,0.0705352216717,0.0709317562471,0.0713914749032,0.0719753829593,0.0725658272996,0.073221634482,0.07376196731,0.0742739762398,0.0746879409064,0.0747859851696,0.0750365427309,0.0753960383625,0.0758884384397,0.076219610173,0.0764222349835,0.0765769270431,0.0767621217624,0.0770606120746,0.0771085448255,0.0774527891272,0.0775639059588,0.077797033429,0.0778035697132,0.0778166422816,0.0781935680044,0.0781129538325,0.0784484830886,0.0785203822149,0.0787752972991,0.0788864141306,0.0792132283411,0.0795770814955,0.0802002072569,0.0808124392112,0.0809322710884,0.0812481914919,0.081481318962,0.0819541101865,0.0821872376567,0.0826186324146,0.0830696360251,0.0833942714742,0.0834269528952,0.0833724838601,0.0837973423338,0.0844161105723,0.0844880096986,0.0847799637267,0.0851394593582,0.0853377266459,0.0857604063582,0.0860153214424,0.0863377781301,0.0868040330704,0.086823641923,0.0869609038914,0.0873661535124,0.0876951464843,0.0879195589089,0.0884359253615,0.088649443979,0.0888346386983,0.0891091626351,0.089292178593,0.0897584335333,0.0901397167789,0.0906865858911,0.0908107752911,0.0912094886279,0.0913249629823,0.0914339010525,0.0917106037507,0.0920897082349,0.092582108312,0.0929154588067,0.0934993668628,0.0935690872277,0.0938719350628,0.0941943917505,0.0948262325575,0.0951835494276,0.0958023176662,0.0963775106766,0.0968372293327,0.0974254949116,0.0977937055888,0.0985301269431,0.0989854880764,0.0995367147115,0.0999528581395,0.100397325466,0.100634810459,0.100763357382,0.101064026455,0.101318941539,0.101674079648,0.102105474406,0.102759102827,0.10347809409,0.103966136644,0.104809317308,0.105369258988,0.105994563511,0.106545790146,0.107432546037,0.10770053369,0.107975057627,0.108609077195,0.109003433009,0.109262705616,0.109574268497,0.110151640269,0.110772587268,0.111282417437,0.111572192704,0.112177888374,0.113016711514,0.113543971774,0.114027656805,0.114807653387,0.115132288837,0.115563683594,0.116019044728,0.116487478429,0.117006023643,0.117751160043,0.118298029156,0.118701100015,0.11939176738,0.120014893141,0.120925615408,0.121638070387,0.122513932471,0.123315716668,0.124226438934,0.124816883274,0.125239562987,0.12605224099,0.126529389737,0.12720044825,0.127740781078,0.128283292667,0.128882452053,0.129594907032,0.130076413302,0.130342222193,0.13114400639,0.131551434772,0.132525341119,0.133296622656,0.134155054649,0.134982983982,0.135863203589,0.136444932884,0.137584425098,0.138638945617,0.139501735133,0.140665193722,0.141525804477,0.142490995778,0.143412611852,0.144214396048,0.145014001483,0.14620360521,0.146704720332,0.14785074883,0.148704823301,0.149637333181,0.150301855409,0.151162466164,0.152160338886,0.153086312483,0.154095079012,0.155073342883,0.156221550142,0.1570255131,0.15772489551,0.158740198324,0.159842651594,0.16069018978,0.161672811173,0.162775264443,0.163596657492,0.164265537243,0.165276482534,0.166346254383,0.167853957275,0.168575127299,0.169612217727,0.170590481597,0.171302936576,0.172418462415,0.173289966976,0.174566721158,0.175893586853,0.176863135677,0.177917656197,0.178937316533,0.179950440586,0.18098099473,0.18217713474,